190.467
140.592
144.692
169.379
147.621
140.592
140.592
148.207
153.621
187.964
140.592
185.136
152.793
140.592
149.964
153.479
140.592
140.592
140.592
143.521
140.592
140.592
174.893
145.864
161.035
169.035
152.893
140.006
157.864
162.45
140.006
140.592
144.106
140.592
155.035
142.935
140.592
155.379
145.278
147.035
155.479
176.408
140.592
140.592
153.621
140.592
150.55
157.379
155.136
161.864
140.592
140.592
145.278
150.692
195.177
155.035
144.692
149.035
149.278
142.349
141.763
151.722
149.964
154.308
149.035
159.621
140.592
160.651
140.006
158.893
140.592
148.207
140.592
140.006
156.207
140.006
142.935
148.793
142.349
155.237
154.45
149.621
170.692
165.964
147.621
156.55
140.592
144.692
168.408
152.308
140.592
145.278
140.592
145.864
152.308
140.592
153.379
156.207
169.237
154.065
144.692
144.692
154.793
157.58
140.592
183.337
144.106
140.592
167.035
140.592
159.964
144.106
150.55
145.864
151.722
147.621
140.006
140.592
142.349
158.793
140.592
149.964
140.592
148.793
172.065
145.864
159.379
169.964
140.592
150.55
171.237
148.207
144.692
140.592
151.278
147.035
170.893
140.592
140.592
152.207
149.964
149.379
155.237
140.592
162.408
157.722
140.592
142.935
147.621
140.592
161.379
142.349
140.592
159.337
141.763
147.035
153.621
145.521
147.621
173.621
140.592
145.864
164.651
153.722
146.45
145.763
149.379
180.45
140.592
140.592
140.592
147.035
158.166
156.994
141.177
146.45
140.592
146.45
178.893
147.035
147.035
148.45
152.893
150.45
157.722
168.692
140.592
140.592
146.106
165.822
149.278
171.722
161.722
184.408
156.207
156.349
162.651
149.035
150.55
171.379
152.006
140.592
152.006
140.592
172.793
158.793
140.592
148.793
147.278
162.207
161.822
140.592
156.065
170.308
146.45
143.521
150.55
147.035
149.035
145.278
167.379
140.592
155.964
148.106
140.592
144.692
140.592
152.207
149.964
159.237
146.45
140.592
148.45
145.864
141.177
147.035
171.722
140.592
151.722
152.308
142.935
144.106
182.408
151.722
141.763
144.692
142.349
140.592
152.349
160.408
155.822
152.55
154.793
152.55
145.864
163.621
140.592
153.379
150.55
141.177
148.207
180.994
140.592
162.994
154.935
173.822
173.722
142.935
165.621
140.592
152.893
206.55
181.964
159.621
144.692
148.45
149.379
178.994
140.592
144.106
140.592
145.278
154.45
153.136
140.592
171.136
156.106
148.793
140.006
170.308
143.521
140.592
165.822
145.278
140.592
157.864
153.621
190.308
142.349
148.793
163.68
150.45
166.308
161.035
162.55
150.793
171.237
140.592
147.621
142.349
142.349
156.994
149.379
145.864
142.935
158.55
159.822
153.136
168.349
140.592
155.479
148.692
151.964
161.58
154.55
149.379
151.136
155.722
140.592
159.722
152.55
140.592
152.308
140.592
140.592
140.592
163.035
148.207
155.035
142.935
140.006
140.592
160.893
140.592
148.793
142.349
142.935
140.592
140.006
140.006
161.621
140.592
140.592
171.136
152.45
152.893
140.592
150.55
157.136
151.722
140.592
140.592
142.349
150.106
147.621
155.237
140.592
153.621
146.45
147.621
145.278
160.207
165.095
157.035
154.065
141.763
140.592
146.349
169.923
140.592
140.592
148.793
151.136
140.592
142.935
140.006
142.935
144.692
167.58
140.592
140.592
144.106
140.592
175.822
140.592
154.692
147.621
153.278
146.935
151.035
154.207
149.964
146.106
140.006
150.793
160.207
140.592
140.592
151.722
160.793
154.065
146.006
140.592
140.592
141.177
144.106
188.751
172.793
167.479
140.592
176.065
142.935
150.207
140.592
152.793
150.55
144.106
148.207
147.621
148.006
166.852
156.065
140.592
157.136
166.935
145.278
144.106
161.237
140.592
140.592
143.521
149.035
140.592
145.278
141.763
158.308
147.621
160.994
145.864
154.207
140.006
140.592
160.166
170.266
147.621
158.166
143.521
143.521
140.592
144.692
144.692
158.893
150.207
140.592
149.964
140.592
156.651
153.479
140.592
142.349
147.621
149.278
140.592
168.308
165.479
140.592
152.207
161.722
157.964
140.592
140.592
140.592
157.722
145.278
143.521
157.035
143.521
164.55
144.692
140.592
174.349
163.964
154.065
155.035
140.592
154.207
141.177
140.592
158.308
145.278
185.822
153.621
140.592
149.964
140.592
149.964
159.136
151.964
141.763
144.349
169.68
154.651
140.592
140.592
149.621
147.864
151.621
162.45
171.621
149.964
151.136
162.45
170.408
147.035
144.106
140.592
140.592
151.035
150.793
150.55
140.592
140.592
140.592
148.793
174.207
174.408
140.592
144.692
141.763
140.592
140.006
152.349
142.349
151.035
176.45
146.935
148.207
145.864
153.621
151.621
140.592
149.035
140.592
147.621
153.864
149.864
149.379
146.45
155.822
143.521
145.864
143.521
150.55
152.692
144.692
150.55
158.166
154.065
152.893
164.166
166.994
149.379
141.763
154.45
140.592
140.592
145.278
149.621
150.55
151.035
174.166
140.592
148.592
152.207
142.935
170.893
156.065
146.45
140.592
172.207
140.592
141.177
169.722
146.45
144.106
144.692
140.592
147.035
140.592
174.408
156.893
171.663
178.994
145.864
147.278
157.136
149.379
140.592
157.58
140.006
145.278
142.349
146.935
151.722
148.45
140.592
146.692
154.106
150.55
144.692
147.621
144.692
145.864
159.379
179.621
148.692
147.035
171.379
151.136
140.592
140.592
151.722
152.207
167.822
140.592
164.651
140.592
160.793
163.278
140.592
145.278
167.58
140.592
163.621
150.55
151.379
140.592
167.136
152.45
164.065
140.592
140.592
141.763
145.864
155.237
140.592
141.177
168.308
154.893
140.006
140.592
144.692
145.864
141.763
144.692
151.136
140.006
157.136
155.722
140.592
161.521
154.065
171.722
140.006
149.379
148.106
150.45
140.592
170.065
140.592
149.379
151.136
176.308
149.964
140.592
140.592
148.793
145.278
140.592
144.106
140.592
156.893
140.592
148.45
140.592
164.609
150.45
152.893
151.136
147.621
140.592
152.55
140.592
148.793
142.935
140.006
149.964
162.893
153.136
144.106
152.893
140.592
143.521
144.692
140.592
140.592
140.592
149.278
140.592
186.852
140.592
148.793
165.964
142.935
140.592
154.45
157.379
151.136
148.45
144.692
152.692
143.521
159.379
140.592
140.592
141.763
144.692
149.864
151.136
149.035
154.308
147.864
171.237
147.621
145.278
140.592
155.521
140.592
140.592
151.722
140.592
142.935
144.106
140.592
148.207
147.035
141.177
147.035
141.177
151.136
148.207
140.592
140.592
157.964
140.006
141.177
140.592
152.308
144.692
140.592
157.621
140.592
163.337
147.035
143.521
140.592
145.864
142.349
149.864
143.763
140.592
151.278
140.006
140.592
140.592
157.964
144.106
140.592
143.763
151.136
148.45
141.763
162.893
140.592
144.106
164.893
143.521
140.006
152.308
152.308
154.692
170.207
148.207
140.592
159.964
154.692
140.592
140.592
140.592
151.278
193.621
170.651
140.006
153.136
143.763
151.035
157.479
146.45
145.864
147.278
143.521
153.479
147.035
145.278
140.592
146.106
147.278
145.278
149.964
156.408
151.621
148.793
175.237
140.592
140.592
161.722
140.592
140.006
150.207
150.006
140.592
144.592
153.278
155.822
141.763
152.308
153.035
144.692
140.592
156.55
155.822
160.408
141.177
141.177
144.692
145.864
193.136
145.278
147.035
157.822
149.621
153.379
145.864
167.035
140.592
146.45
154.065
143.521
159.58
140.592
151.035
161.42
146.45
153.864
140.592
158.893
140.592
140.592
162.852
140.592
140.592
163.379
166.065
140.592
148.106
168.651
147.621
144.692
140.006
140.592
140.592
140.006
148.207
143.521
141.763
144.106
152.308
147.621
164.408
140.592
149.035
140.592
172.953
149.379
165.621
172.065
147.035
170.408
140.006
144.692
159.337
147.278
171.136
145.864
156.006
140.592
140.006
140.592
145.864
155.822
171.722
140.006
140.592
158.893
159.379
144.106
142.935
145.864
153.964
140.592
146.45
140.592
148.45
149.278
140.592
142.592
149.964
140.592
141.763
146.45
142.349
144.106
155.237
142.349
146.45
140.592
140.592
151.722
148.793
158.207
140.592
144.692
144.692
147.521
140.006
140.592
147.035
151.136
155.379
143.521
140.592
157.136
143.521
173.095
155.763
153.278
154.45
140.592
179.621
157.237
150.45
147.621
140.592
155.237
147.621
140.592
155.479
151.722
142.349
140.592
141.177
163.379
161.479
155.035
144.692
158.065
163.521
140.592
140.592
140.006
145.864
140.592
144.692
147.621
146.45
150.55
140.592
173.621
163.864
156.45
150.793
141.177
160.994
140.592
160.692
162.408
154.651
142.935
150.106
144.106
140.592
148.207
157.479
144.692
147.035
145.278
140.592
151.722
165.379
145.278
147.035
142.349
144.692
164.408
143.521
150.55
141.763
140.592
140.592
144.692
145.864
144.106
151.136
140.592
152.207
147.035
142.935
162.893
160.207
140.592
161.479
151.035
152.55
140.592
144.692
151.136
154.651
141.177
146.45
154.45
152.308
146.45
140.592
140.006
171.278
157.621
143.521
164.793
140.592
148.207
141.177
140.592
143.521
140.592
149.379
142.935
159.58
186.065
163.964
140.592
147.035
149.379
148.45
154.651
140.592
145.864
140.592
147.621
160.45
158.592
140.006
150.55
146.45
140.592
149.964
157.621
140.592
156.994
144.349
148.692
140.592
148.006
151.035
152.45
163.035
173.136
165.68
146.692
156.651
148.793
173.438
152.692
173.763
144.692
150.45
149.621
140.006
157.864
149.621
141.177
155.822
170.609
151.136
144.106
140.592
153.621
148.106
156.55
168.651
164.793
146.692
151.722
140.592
153.479
145.278
174.207
155.379
140.592
173.479
182.509
140.592
151.136
142.349
152.893
148.207
141.177
165.722
140.006
173.136
167.722
145.177
157.58
165.136
140.592
160.408
169.379
149.964
158.207
148.207
144.106
143.521
169.379
140.592
152.893
140.592
144.106
143.521
153.035
141.763
152.207
140.592
147.621
152.692
174.207
142.592
163.722
151.722
161.864
140.592
157.822
143.521
157.136
149.964
142.349
143.521
156.793
152.106
152.207
145.864
177.237
144.106
165.822
147.035
159.337
157.379
140.592
142.349
144.692
158.207
149.278
164.55
145.278
152.207
148.006
157.964
155.379
165.864
140.592
149.763
140.592
140.592
144.692
149.379
146.45
140.006
142.935
153.136
140.006
165.822
147.035
149.379
143.177
144.692
153.479
140.006
148.207
140.592
148.207
153.864
140.592
147.621
140.592
140.592
140.592
162.651
170.367
145.177
140.592
169.136
140.592
156.207
156.651
150.55
159.964
155.136
151.035
153.722
140.592
150.55
145.278
140.592
186.45
159.379
147.035
140.006
147.621
158.893
140.592
144.106
163.621
140.592
152.55
142.935
142.349
140.592
183.621
140.592
151.278
140.592
147.035
144.106
140.592
156.893
140.592
140.592
142.935
140.592
140.006
149.964
146.45
140.592
171.479
140.592
145.521
141.177
141.177
140.592
144.106
142.935
145.521
140.592
140.592
140.592
145.278
163.237
146.45
140.592
185.479
167.337
156.55
152.308
147.035
157.964
172.308
165.136
153.964
158.207
152.207
151.722
140.592
140.592
174.651
140.592
151.521
149.964
165.035
140.592
169.479
140.592
151.379
147.621
140.592
141.763
157.379
160.651
159.337
140.592
142.349
145.278
149.379
158.308
148.793
140.592
143.521
147.521
140.592
148.793
151.136
181.136
154.793
143.521
142.349
149.964
150.692
151.035
141.177
140.006
140.592
151.722
140.592
140.592
140.006
149.964
146.45
159.136
151.722
141.177
144.106
145.278
141.763
141.177
147.621
143.521
167.923
171.379
157.722
142.349
153.479
140.592
149.864
142.935
159.035
140.592
149.379
150.55
140.592
167.479
140.592
145.864
159.521
180.207
140.592
155.237
146.692
140.592
150.207
151.521
161.035
140.592
180.893
140.592
149.379
140.592
152.45
185.68
140.592
149.864
156.893
140.592
140.592
140.592
161.237
157.035
158.893
140.592
144.106
144.106
145.278
153.964
140.592
164.651
162.793
154.793
152.45
140.592
143.521
153.479
140.592
140.592
144.692
147.035
150.55
140.592
140.592
156.55
158.55
146.45
165.864
142.935
158.207
140.592
140.006
159.136
140.006
158.166
140.592
142.349
155.521
162.349
148.793
152.592
158.308
147.035
140.592
145.278
155.177
172.408
171.964
161.095
149.379
140.006
149.964
149.964
143.521
140.592
148.45
144.692
140.592
140.592
143.521
142.349
163.278
145.278
150.55
151.722
159.136
162.45
159.864
140.592
155.864
156.55
142.935
155.521
146.106
163.763
149.964
140.592
149.379
148.793
167.136
140.006
143.521
149.964
158.994
140.006
140.006
140.592
140.592
162.994
161.479
146.45
148.793
165.136
140.006
147.035
140.592
159.864
140.006
150.55
163.621
140.592
143.521
154.893
181.479
140.592
154.45
142.935
143.521
147.621
154.308
142.349
143.521
147.621
140.592
153.278
152.207
140.592
142.349
159.621
152.308
140.592
154.065
146.45
159.58
148.207
146.45
149.964
141.177
141.763
140.592
145.278
147.035
149.379
140.592
146.45
140.592
140.006
155.621
150.55
141.763
148.793
146.692
140.592
150.793
159.379
140.592
140.592
157.621
142.349
147.864
161.822
144.106
141.763
154.065
140.592
147.621
140.592
151.621
142.935
141.177
148.793
155.379
151.136
140.592
140.592
156.651
143.521
140.592
168.893
145.864
159.337
168.207
172.893
150.55
151.379
152.308
143.521
163.964
147.621
140.592
163.822
151.964
142.935
151.964
148.793
147.521
147.035
157.822
140.592
151.621
140.592
154.065
140.006
152.893
180.852
157.479
145.864
159.822
180.793
154.651
140.006
140.592
151.136
151.722
145.864
145.278
144.692
158.207
151.864
161.237
150.207
148.207
140.592
149.379
151.864
156.308
144.692
178.651
154.308
170.793
153.479
140.006
149.035
151.722
140.592
191.379
140.006
158.166
140.592
157.237
157.077
143.521
144.692
149.379
145.278
162.065
145.278
157.237
171.964
147.035
141.177
149.964
140.006
161.095
154.651
149.964
140.592
202.207
157.278
159.479
157.379
140.592
161.722
140.592
140.592
161.035
141.177
151.136
146.45
143.521
157.177
155.964
142.349
142.935
150.793
148.106
147.035
149.379
151.035
146.45
140.592
172.408
142.349
140.592
140.006
152.207
171.621
170.994
172.55
140.592
140.006
179.035
149.379
149.864
142.935
141.763
140.592
141.177
176.408
146.45
145.278
148.793
140.592
140.592
148.793
140.592
153.379
149.379
140.592
147.278
140.592
158.207
152.793
146.45
145.864
152.893
153.035
140.592
156.308
151.278
152.207
145.177
161.722
164.935
155.822
151.722
149.964
143.521
159.035
140.592
140.006
154.308
147.035
172.651
140.592
140.592
149.379
152.106
142.349
146.45
140.592
152.207
166.207
151.136
143.521
140.592
146.692
158.349
140.592
199.053
142.935
171.337
160.55
140.006
157.278
162.893
169.136
148.692
151.035
150.793
140.592
140.592
144.692
142.935
140.592
163.035
147.035
141.177
144.692
140.592
150.45
164.207
165.237
140.592
147.621
143.521
145.278
144.106
144.006
140.592
155.136
167.237
157.035
150.692
143.521
153.035
158.106
140.592
142.349
144.692
142.935
154.651
145.864
158.751
140.592
145.278
144.692
140.006
141.763
146.349
146.45
141.763
143.521
152.308
155.379
141.177
159.177
140.592
140.592
145.864
158.55
140.592
140.592
148.793
149.964
145.864
140.592
142.935
152.793
155.479
152.308
150.793
155.521
145.278
140.592
140.592
154.065
156.308
149.035
168.308
142.349
161.621
140.592
164.308
150.55
140.592
151.722
143.521
164.065
141.177
141.177
140.592
157.379
140.592
181.035
143.521
141.763
147.621
152.308
141.177
148.45
148.207
143.521
149.379
148.45
140.592
140.592
149.379
168.106
146.45
156.45
144.106
148.692
150.55
152.45
142.935
141.177
151.722
151.722
141.177
146.45
140.592
155.621
140.006
148.793
143.521
140.592
146.45
141.177
151.136
140.006
151.035
155.722
140.592
143.521
146.45
147.035
151.722
144.106
149.379
141.763
147.864
140.592
152.692
140.592
141.177
147.278
157.035
157.722
140.592
140.006
142.935
142.349
140.592
142.006
163.136
149.964
140.592
145.278
145.278
140.592
140.592
145.278
140.006
151.035
149.964
156.994
164.45
161.964
151.136
151.722
170.065
145.864
160.45
146.106
145.864
140.592
140.592
160.207
153.964
149.035
142.349
166.308
140.592
140.592
143.521
153.864
183.822
146.45
141.763
160.166
143.521
160.349
140.592
159.035
146.45
140.592
145.864
143.521
140.592
178.893
151.379
149.379
140.006
147.763
144.106
141.177
146.692
152.592
153.278
145.278
154.55
147.621
150.106
156.893
148.793
159.964
142.349
147.035
141.763
174.207
142.349
143.521
157.964
140.592
155.237
140.592
146.692
140.592
144.106
158.751
140.592
140.592
153.278
140.006
182.793
153.964
150.793
162.651
149.035
152.308
155.237
150.55
154.065
156.651
140.592
147.621
145.864
149.035
177.337
147.278
150.106
141.763
140.592
148.207
162.55
147.621
156.692
144.106
140.592
147.035
140.006
140.592
151.621
164.408
146.692
143.521
140.592
148.793
170.207
144.106
140.592
159.035
140.592
140.592
141.177
140.592
163.337
152.893
141.763
144.106
148.349
159.136
142.935
140.592
140.592
140.592
152.207
185.964
172.207
154.065
154.893
146.45
149.379
141.763
172.166
144.106
145.864
170.651
150.45
159.923
147.621
140.592
148.207
157.822
151.722
157.722
143.521
159.58
164.207
142.935
143.521
145.864
144.692
155.822
140.592
155.964
157.479
156.45
155.035
140.592
145.278
144.692
145.864
164.994
154.793
145.864
156.793
176.106
147.035
163.095
145.278
147.035
152.207
143.521
158.166
149.035
141.763
140.006
145.864
150.55
158.207
155.864
144.692
141.763
152.207
145.521
144.106
151.136
144.692
162.408
151.722
149.621
148.793
158.793
142.349
145.864
156.692
165.964
141.177
161.58
147.621
140.592
166.935
148.793
141.177
154.207
147.035
149.035
140.592
140.592
147.278
140.592
140.592
140.592
141.177
161.479
155.379
162.065
141.177
142.349
149.864
167.237
140.006
168.55
166.893
145.278
148.207
152.207
166.994
162.994
173.337
143.521
149.379
152.308
150.55
161.237
156.308
140.592
141.763
140.592
159.479
154.308
159.964
142.349
156.408
140.592
149.864
140.592
140.592
145.864
148.793
142.935
140.592
147.035
148.692
140.006
152.308
140.006
160.509
149.964
149.379
144.106
142.349
153.035
146.45
148.207
155.621
140.592
169.095
154.651
153.479
144.106
144.106
142.349
143.521
140.592
143.521
151.136
140.006
150.55
159.035
170.751
151.136
151.722
149.379
149.964
142.349
147.621
142.935
140.592
140.006
149.379
155.278
143.521
150.55
140.006
148.207
147.521
147.035
140.592
142.592
163.521
140.592
157.964
140.592
141.763
157.58
140.592
177.822
144.692
153.379
147.621
156.408
164.207
146.106
143.521
140.592
142.935
140.592
153.136
140.592
142.349
141.177
169.964
145.278
144.692
150.55
140.592
143.521
140.592
140.592
155.822
144.692
141.177
147.035
142.349
140.592
161.379
155.822
153.035
140.006
168.308
146.45
142.935
149.379
151.177
140.592
154.308
145.864
140.592
162.207
148.207
149.035
148.692
144.692
140.006
140.592
140.592
140.592
152.308
170.024
177.68
161.136
148.207
158.065
141.763
147.621
140.592
147.035
168.065
140.592
140.592
147.278
145.864
156.45
141.763
151.136
172.266
167.438
157.58
158.207
142.935
146.45
140.592
140.592
148.793
149.964
145.278
154.651
140.592
140.592
140.006
140.006
140.592
159.337
142.349
173.722
148.45
140.592
160.651
142.935
149.379
140.592
153.479
156.207
140.006
162.55
140.592
144.692
142.935
157.722
155.379
171.822
160.45
144.692
157.237
140.006
144.106
160.065
140.592
147.035
149.964
148.207
146.45
140.592
142.935
157.822
153.722
169.479
143.521
155.237
140.592
166.609
148.793
147.035
174.308
148.207
142.935
148.207
152.45
160.751
141.177
140.592
166.55
148.45
142.349
162.651
147.864
179.68
151.722
163.521
147.864
140.592
144.692
152.692
140.592
147.035
174.065
151.964
140.592
147.035
153.479
140.592
140.592
170.166
140.592
142.349
153.479
142.935
145.864
153.479
144.692
143.521
145.278
140.592
145.864
140.592
145.278
145.278
148.793
147.621
145.864
140.592
140.592
140.592
140.006
140.592
149.964
156.55
148.207
149.379
140.592
148.207
150.207
151.722
147.035
140.592
154.45
141.763
149.379
140.592
141.763
151.621
148.207
169.237
140.592
156.651
149.864
147.035
140.006
140.592
163.763
140.592
154.065
166.308
149.964
151.722
154.207
147.278
148.207
147.035
146.45
164.207
140.592
148.45
149.864
142.349
147.864
140.592
181.58
143.521
194.207
142.349
140.592
140.006
141.763
167.136
156.45
153.864
147.035
140.592
151.864
150.349
140.592
140.006
145.864
140.592
142.349
151.722
157.722
140.592
145.278
142.349
157.035
171.621
166.45
142.349
157.722
142.349
143.521
155.822
156.207
143.521
165.621
153.278
140.592
147.035
174.408
157.379
149.379
164.651
144.106
153.479
145.278
140.592
153.479
147.621
140.006
166.45
157.278
151.722
150.793
151.722
141.763
145.278
140.592
142.349
170.609
144.692
142.935
140.592
158.408
177.237
145.864
151.136
163.237
151.722
140.592
153.864
141.763
157.822
168.45
144.692
140.592
160.893
175.237
140.592
149.964
142.935
147.035
148.207
142.935
140.592
140.592
158.651
140.592
162.55
141.177
163.964
140.592
152.893
194.55
171.296
151.136
160.55
145.278
168.106
158.408
154.308
151.621
149.379
145.278
161.822
167.379
145.278
142.349
155.964
157.237
145.278
140.592
151.136
140.592
153.621
144.106
149.964
167.521
153.964
140.592
140.592
152.893
146.45
145.864
140.592
141.177
161.822
153.479
144.106
140.592
140.592
149.621
140.592
153.035
140.592
150.793
151.864
153.479
153.722
167.438
140.592
141.177
140.592
160.207
149.964
194.45
151.621
144.935
177.864
140.592
147.621
187.278
143.521
163.237
161.621
143.521
174.308
154.006
142.349
148.207
140.592
140.592
140.592
140.592
165.479
162.45
151.864
140.592
140.592
152.893
148.006
144.106
144.692
140.592
157.479
142.006
144.106
140.006
141.763
152.308
171.964
156.55
152.55
154.065
143.521
140.592
143.521
151.722
152.308
140.592
145.864
144.692
152.308
154.065
140.592
150.45
145.278
146.45
140.592
156.651
140.592
140.006
164.994
140.592
147.621
140.592
148.207
175.095
140.006
150.207
140.006
159.035
148.207
168.651
153.278
140.592
158.248
155.035
156.006
162.308
144.106
140.592
151.864
140.592
144.349
145.278
172.207
148.45
142.935
140.592
177.58
143.521
150.692
178.692
149.621
147.035
140.592
148.207
141.763
157.278
159.621
171.964
140.592
140.006
140.592
140.592
145.864
142.349
140.006
150.55
140.592
149.035
140.592
154.935
145.864
149.278
154.065
148.207
148.793
140.592
144.106
140.006
147.864
148.207
142.935
147.035
140.592
146.692
155.379
140.592
149.379
140.592
145.864
140.592
150.55
146.45
178.893
140.592
141.177
140.592
173.822
152.308
174.994
140.592
145.864
140.006
140.592
158.408
147.035
145.278
142.349
153.278
155.822
157.278
140.592
145.521
157.479
154.45
151.379
144.006
140.592
150.207
178.751
158.893
166.349
147.035
140.592
148.207
140.592
149.964
151.035
140.592
140.592
175.923
185.479
145.278
146.45
149.035
181.237
148.793
155.237
167.337
147.621
140.006
149.379
140.592
145.864
149.621
153.136
144.692
151.964
144.692
140.592
144.692
185.923
146.45
152.692
140.006
164.408
140.592
140.592
144.692
147.621
140.592
156.106
152.308
141.763
140.592
157.58
164.651
148.207
142.935
164.45
145.278
140.592
145.278
140.592
154.065
140.592
152.893
142.349
142.349
161.095
151.035
144.106
167.722
153.479
140.592
174.106
140.592
140.592
152.834
140.592
153.479
154.592
140.592
140.592
162.45
144.692
151.278
155.621
150.55
145.278
140.006
140.592
153.278
143.763
142.935
140.006
168.893
140.592
140.592
140.592
164.751
178.893
153.479
140.592
140.592
156.408
153.035
140.592
142.349
140.592
143.521
140.006
140.592
148.45
144.349
157.964
143.521
140.592
157.58
152.308
155.237
160.065
140.592
159.58
140.592
140.592
153.479
141.177
156.408
155.822
152.893
143.521
140.592
140.592
140.592
148.692
159.923
158.207
156.994
140.006
150.55
144.006
153.864
156.408
142.935
145.521
140.592
141.177
160.408
156.065
142.349
172.308
150.55
177.964
154.651
152.893
140.592
170.651
151.964
151.722
159.035
153.035
155.822
148.207
140.592
191.964
170.893
148.106
144.106
149.964
188.692
141.763
148.106
140.006
147.621
140.592
152.308
140.592
148.793
144.692
141.177
150.55
142.349
161.379
140.592
142.592
149.379
151.722
149.379
152.793
145.864
140.592
144.106
141.177
147.621
143.521
144.106
146.692
150.55
175.095
144.106
149.964
151.621
145.278
140.592
149.964
152.207
140.592
153.035
147.035
168.308
166.207
161.964
161.964
158.893
149.379
144.106
154.207
143.521
174.751
142.935
147.864
157.822
151.722
140.592
151.035
174.308
148.45
164.509
144.692
140.592
140.592
163.479
166.408
140.592
150.55
152.308
173.479
151.621
144.106
143.521
148.793
159.964
152.793
140.592
147.864
148.207
165.964
162.994
153.621
140.006
147.035
140.592
152.893
163.438
142.349
140.592
152.207
144.106
140.592
147.035
147.035
140.592
181.538
144.106
160.065
141.177
151.136
152.893
147.278
158.692
151.136
144.106
151.964
159.479
150.45
151.136
144.935
144.692
140.006
140.592
160.207
140.592
149.379
145.864
140.592
155.136
155.278
140.592
169.964
142.935
148.793
154.793
146.45
140.006
140.592
140.592
156.994
154.065
145.278
140.592
151.964
156.793
141.763
140.592
170.124
152.308
148.207
140.592
161.621
140.006
140.592
140.592
151.621
152.893
141.763
149.521
157.722
147.621
154.651
153.864
140.592
149.964
140.592
140.006
140.592
140.006
147.035
151.136
140.592
153.479
153.621
177.479
140.006
156.408
165.337
140.592
140.592
149.379
147.278
144.106
140.592
159.237
146.45
144.592
145.278
144.106
155.964
143.521
140.592
155.822
147.621
164.994
140.592
151.035
142.935
156.793
148.207
147.621
166.39
140.592
147.035
144.692
140.592
141.763
145.864
145.278
144.692
140.592
140.592
158.065
167.822
140.592
140.592
140.592
154.065
140.592
142.935
140.006
164.408
140.592
140.592
152.893
140.592
140.592
154.692
141.763
141.763
163.864
143.521
152.893
154.55
151.136
165.278
156.308
151.136
151.136
140.592
142.935
148.45
173.822
140.592
140.592
140.592
147.035
140.592
140.592
167.621
140.592
140.592
150.55
149.621
140.592
149.964
148.207
143.521
145.278
142.592
152.692
152.207
152.308
166.592
172.55
140.592
140.592
144.692
145.278
152.592
145.278
156.793
161.822
162.651
160.55
151.722
157.237
162.935
148.207
144.106
147.278
169.479
140.592
163.68
144.692
143.521
141.177
152.207
160.751
155.379
158.408
154.651
140.592
140.592
162.994
140.592
140.592
145.278
146.45
152.207
144.106
148.207
144.106
177.621
170.166
149.621
162.408
148.793
170.065
154.065
149.964
147.621
151.136
154.065
162.994
166.065
148.106
140.592
140.592
151.722
164.207
145.864
140.592
151.379
148.692
155.822
140.592
148.45
140.592
140.592
144.692
142.592
140.592
140.592
140.592
140.592
173.379
144.692
140.006
147.035
147.864
175.722
140.592
140.592
153.521
148.45
140.592
140.592
145.864
160.207
156.651
161.035
152.207
152.308
147.621
153.722
142.349
140.592
189.864
153.621
155.822
167.42
140.592
148.207
154.065
157.58
147.177
140.592
145.864
144.106
162.994
147.035
153.763
140.592
166.166
151.964
144.106
149.278
142.935
144.106
170.308
145.864
141.763
166.308
156.45
151.136
140.592
140.592
160.45
142.349
149.621
142.935
148.793
140.592
147.621
154.45
149.964
140.006
146.45
159.621
144.106
147.621
155.035
147.278
177.379
159.337
171.521
149.864
158.893
142.935
154.207
168.065
145.278
140.006
142.349
153.479
140.592
140.592
146.45
150.006
142.349
165.095
140.592
159.035
151.722
147.035
147.621
154.793
140.006
181.095
149.379
162.994
141.763
165.58
140.592
147.035
140.592
149.521
140.006
142.592
143.521
140.592
140.592
140.592
154.893
153.278
146.106
144.106
140.592
157.479
140.592
166.55
152.308
166.308
149.379
150.006
158.651
140.592
140.592
145.864
159.923
161.822
140.592
148.793
157.237
145.864
156.994
151.035
146.692
167.621
141.177
140.592
151.722
153.479
140.592
169.095
144.106
154.207
154.651
149.035
148.207
142.349
148.793
140.006
148.793
173.095
191.964
162.793
170.207
158.893
158.349
140.592
140.592
146.45
144.692
147.864
140.592
156.651
147.864
152.207
141.177
143.521
144.106
141.177
144.106
146.45
153.722
151.722
147.035
142.349
147.621
140.006
153.621
140.592
157.136
157.237
152.308
140.592
195.479
140.006
140.592
140.592
151.722
145.864
144.349
148.793
166.994
155.035
172.55
165.68
146.692
142.349
147.621
165.964
172.065
163.621
142.349
140.592
140.592
151.964
145.864
160.207
146.45
145.864
153.722
152.308
155.479
140.592
172.793
141.177
148.207
164.408
185.864
149.379
146.349
140.592
162.994
148.207
140.592
140.592
167.722
161.763
168.994
155.722
140.592
140.592
170.207
143.521
150.55
146.45
140.006
147.035
153.479
145.864
140.006
141.763
140.006
159.479
148.207
140.592
179.68
142.349
140.592
157.722
148.207
161.035
142.349
140.592
140.006
172.893
141.763
140.006
145.278
140.592
162.793
146.106
160.55
150.207
145.278
154.893
147.621
144.692
140.006
153.479
142.349
140.592
143.521
149.035
142.349
149.379
150.692
147.621
147.035
144.692
144.692
150.55
185.822
162.994
153.864
140.592
150.207
153.035
153.479
155.722
149.379
170.751
140.592
153.621
149.035
155.379
140.592
153.035
162.207
140.592
146.45
148.45
150.55
154.207
140.592
160.893
140.006
140.006
144.692
162.793
145.864
159.379
140.592
150.45
140.592
140.592
146.692
178.994
145.763
140.006
158.065
157.237
160.207
149.864
144.692
140.592
143.521
140.006
140.006
152.308
155.237
166.065
144.692
182.065
151.136
156.994
150.55
140.592
161.479
142.349
153.479
141.177
140.592
145.864
143.521
155.237
148.207
147.035
148.207
143.521
153.722
140.592
148.793
150.55
144.106
150.45
142.349
158.166
160.106
142.349
144.692
143.521
140.592
140.592
140.006
141.177
154.651
140.592
145.278
158.55
144.692
140.006
140.592
143.521
144.692
140.592
150.55
140.592
155.964
184.994
146.692
140.592
140.592
141.177
153.479
140.592
147.278
140.592
152.55
142.935
140.006
140.592
149.864
140.592
188.994
140.592
140.592
171.722
140.006
142.349
140.592
140.592
146.45
142.349
140.592
149.964
140.592
149.964
140.592
164.065
154.065
159.621
148.45
142.349
140.006
155.722
144.692
145.177
148.793
141.177
140.592
140.592
140.006
159.237
145.278
148.793
169.479
140.592
144.692
140.592
144.106
150.55
183.864
163.337
142.935
144.692
164.308
142.349
152.308
153.136
149.379
142.349
177.964
150.793
140.592
153.479
142.006
151.864
155.035
147.035
148.45
151.035
155.964
149.621
140.006
157.136
147.621
144.692
155.864
140.592
146.45
140.592
140.592
155.237
151.864
149.964
140.592
142.935
140.592
142.349
144.106
144.106
140.592
152.893
158.751
140.592
160.692
140.592
147.621
140.592
140.592
140.592
149.379
140.592
154.207
145.521
140.592
158.166
163.621
163.722
163.136
147.864
144.692
147.035
140.592
151.136
156.408
152.893
161.479
160.893
146.45
187.822
140.592
162.207
140.592
158.408
140.592
140.592
140.592
140.592
146.45
151.035
140.592
191.722
144.106
144.106
144.692
143.521
146.45
152.308
153.479
163.035
140.592
140.592
144.106
140.592
147.278
157.964
160.106
144.692
140.592
155.822
152.308
145.864
141.177
155.722
157.58
142.935
140.592
147.621
153.479
175.882
140.592
158.308
172.266
147.864
145.278
152.006
144.692
158.308
149.035
145.864
140.592
140.592
147.621
148.793
168.793
148.692
147.035
140.592
144.692
152.308
166.793
140.592
143.521
146.45
156.793
150.207
144.692
141.763
149.379
152.55
165.964
147.621
171.822
140.592
148.793
140.592
140.592
156.308
175.621
140.006
155.379
147.621
141.763
141.763
142.935
145.864
140.592
155.379
149.379
149.035
152.893
155.864
150.55
149.379
171.964
140.592
146.45
151.864
151.722
140.592
154.308
146.45
144.106
161.095
164.408
158.55
158.207
142.349
166.651
154.207
140.006
140.592
140.592
159.822
142.349
140.592
140.592
142.349
162.408
157.722
149.379
166.55
140.592
166.166
140.592
140.592
146.45
147.035
150.55
176.994
155.722
146.45
152.308
169.237
153.479
166.308
151.722
140.592
154.651
142.935
154.207
142.935
145.763
147.035
145.278
140.592
141.177
157.278
140.592
153.479
157.822
157.621
150.935
169.521
152.308
140.592
151.722
140.006
151.379
147.035
140.592
141.177
147.621
147.035
144.106
142.935
151.722
160.692
155.237
154.45
140.592
140.592
147.035
149.379
150.55
140.592
161.822
155.035
152.45
146.45
179.722
153.035
146.692
150.006
154.45
142.935
155.136
150.692
145.278
141.763
140.592
150.006
177.479
158.893
153.479
155.136
147.621
178.651
163.479
140.592
147.864
162.651
147.621
149.964
140.592
140.592
165.237
154.308
144.106
149.035
163.621
140.592
140.592
156.065
151.136
144.106
149.964
140.592
140.592
149.035
166.308
149.964
147.035
148.207
145.864
164.408
140.592
142.935
147.621
154.106
141.177
144.106
163.438
140.592
162.651
150.207
148.45
140.592
140.592
160.893
140.006
142.349
142.935
152.793
140.592
151.136
149.379
144.106
153.035
140.592
140.592
154.651
140.592
148.207
140.592
140.592
147.035
161.68
142.349
152.935
150.207
164.751
160.751
143.763
154.207
140.592
155.621
157.136
171.68
161.479
142.349
162.207
141.177
140.592
140.592
161.035
163.923
145.278
153.035
148.207
150.793
146.45
140.592
159.822
140.592
150.55
145.278
161.136
159.964
140.592
140.592
140.592
158.207
140.592
148.349
153.722
140.592
143.521
149.379
150.55
146.45
140.592
151.136
140.592
149.379
145.278
155.237
140.006
169.621
145.278
140.006
147.035
148.207
145.521
157.136
154.651
152.308
140.592
147.035
159.923
142.006
148.207
145.278
142.349
161.964
140.592
169.237
161.621
140.592
147.278
156.893
140.592
148.793
142.349
163.923
144.692
145.864
157.864
142.935
141.763
151.722
167.136
151.763
140.592
141.177
140.592
168.065
140.592
145.521
155.964
144.935
140.006
149.379
151.722
153.035
158.166
148.207
169.763
158.994
153.479
140.592
142.349
148.793
149.379
149.964
161.095
168.751
163.621
140.592
145.864
140.592
157.58
168.692
151.722
144.692
169.379
140.592
171.035
148.45
150.55
159.621
158.55
148.207
151.964
161.621
160.308
140.592
153.479
146.45
146.106
146.45
147.278
178.509
149.379
144.692
160.651
162.793
149.621
160.893
140.592
156.692
140.592
140.006
141.763
153.479
140.006
140.006
148.793
140.592
140.592
145.278
170.509
149.379
149.964
153.722
148.106
140.592
141.763
140.006
160.065
157.864
144.106
155.237
167.035
144.692
140.592
140.006
145.864
157.035
159.278
152.893
147.621
144.692
140.592
160.166
163.822
144.592
170.751
151.136
141.763
161.136
155.621
156.893
140.592
158.55
159.864
151.722
141.763
140.592
140.592
159.379
154.692
152.893
144.692
146.45
157.521
141.177
140.592
159.337
142.349
150.45
141.763
159.479
152.006
154.065
171.177
145.864
143.521
147.621
157.479
151.722
140.592
140.592
161.722
141.763
146.45
140.592
140.592
140.592
169.237
155.136
151.722
142.349
141.177
154.065
141.177
141.763
140.592
144.692
144.692
161.722
140.592
140.592
156.207
155.479
140.592
147.035
157.379
154.651
168.166
148.793
145.278
140.592
140.006
152.308
158.751
149.278
152.006
160.55
144.692
148.793
176.55
155.237
143.521
169.136
152.308
161.035
153.621
150.692
140.592
153.722
171.379
140.592
154.651
154.065
146.45
154.651
141.177
153.379
140.592
141.763
145.278
151.722
153.479
149.379
195.278
146.692
183.864
149.864
140.592
180.106
140.592
157.964
147.621
140.592
140.592
154.065
152.207
145.521
140.592
147.621
145.278
154.935
147.621
152.308
148.45
140.006
163.035
140.592
161.479
145.864
145.864
155.42
146.45
140.592
158.065
158.55
158.106
144.692
140.592
151.136
140.592
140.592
176.308
143.521
156.207
151.621
147.521
157.035
141.763
153.379
141.177
147.035
151.379
150.55
140.006
153.479
156.207
142.935
142.935
151.136
146.692
140.592
150.207
144.692
141.763
140.592
155.479
154.308
158.793
152.308
140.592
156.408
144.106
145.864
140.592
140.006
165.964
140.592
140.592
142.935
147.621
153.964
154.065
162.266
170.207
150.55
140.592
141.177
152.793
148.207
150.55
158.692
140.592
140.592
147.035
142.935
140.592
153.864
160.55
140.592
140.592
141.763
140.592
144.692
156.45
168.065
145.278
147.035
140.592
140.592
140.592
140.592
140.592
155.035
146.45
186.793
143.521
165.379
140.006
147.035
171.136
169.479
140.592
140.592
147.278
165.621
144.692
188.065
140.592
157.237
144.106
145.278
144.692
145.864
148.793
140.592
143.521
147.864
140.592
140.592
144.106
143.521
158.651
144.692
160.793
140.592
163.621
147.864
143.521
178.893
140.592
150.793
156.065
154.651
143.521
151.136
157.822
140.592
140.592
149.379
145.278
159.722
144.349
161.136
140.592
155.621
140.592
147.621
140.006
148.207
151.136
140.592
150.55
150.692
141.763
140.592
140.592
140.592
143.521
144.592
156.065
147.035
140.592
141.763
152.45
142.935
140.592
157.58
155.822
152.893
140.592
144.106
140.006
149.379
140.592
140.006
151.864
145.278
140.592
158.55
145.278
152.893
141.177
148.793
159.136
153.136
155.822
153.621
140.592
148.793
147.035
148.207
140.592
142.349
140.592
158.55
142.935
140.592
140.592
145.864
148.793
146.45
144.106
140.592
157.136
159.035
151.136
150.55
156.106
184.308
152.793
147.035
156.994
185.479
140.006
147.621
145.864
157.035
140.592
147.035
140.592
140.592
153.964
140.592
140.592
140.592
147.035
142.006
171.722
148.793
149.379
151.722
152.893
151.035
142.935
140.592
140.592
140.006
140.592
158.893
175.136
166.953
155.722
140.592
140.592
148.207
144.106
172.793
140.592
148.207
160.308
148.793
154.651
159.722
163.621
140.592
169.136
141.177
140.592
168.266
148.793
140.592
145.278
140.592
146.349
174.893
168.793
140.592
155.237
149.379
145.521
153.479
154.207
150.55
152.308
147.521
140.592
160.166
146.349
140.592
141.177
140.006
140.592
140.592
148.207
158.207
147.035
140.006
140.592
158.166
160.935
142.935
145.864
151.136
140.592
140.592
163.379
173.822
151.136
159.479
142.935
148.793
140.592
144.692
147.621
174.994
144.692
152.893
158.166
149.864
145.864
144.692
145.864
140.592
150.55
156.106
140.592
155.278
149.964
152.308
141.763
152.893
144.106
144.106
181.822
144.106
149.379
183.136
140.592
160.751
157.822
150.45
140.592
144.106
140.592
168.065
159.479
150.55
154.065
158.166
154.793
140.592
140.592
153.621
148.207
181.278
140.592
146.45
142.349
179.722
140.592
157.58
144.692
155.237
155.763
150.55
163.864
149.964
142.935
140.592
144.692
150.106
140.006
145.521
149.379
156.651
149.379
143.521
148.45
162.166
151.379
166.207
150.006
153.621
147.035
148.793
151.278
145.864
144.106
144.692
140.592
153.479
145.864
140.592
144.106
140.592
160.408
140.006
147.035
166.509
155.035
146.45
146.45
167.621
140.592
142.935
140.592
149.964
153.479
149.379
166.266
146.45
147.621
147.278
144.692
147.864
140.592
148.207
148.793
141.177
148.207
140.006
170.55
140.592
150.55
140.006
146.106
156.45
147.621
162.408
151.722
140.592
140.592
142.935
140.592
140.592
157.035
150.55
140.592
146.935
147.621
153.722
141.177
165.136
166.793
140.006
149.864
151.864
145.864
140.592
153.136
140.592
140.592
140.592
154.065
154.651
156.308
150.55
151.722
157.136
146.45
150.793
157.035
152.893
140.592
156.55
150.45
140.592
141.763
155.621
144.106
152.893
142.935
140.592
140.592
152.45
145.864
157.822
140.006
140.006
155.035
162.266
140.592
159.822
142.349
159.177
169.58
140.592
159.035
160.793
149.379
152.893
140.592
151.722
154.793
142.349
140.592
162.45
141.177
145.864
146.45
155.864
156.45
152.308
147.035
140.592
152.308
140.592
152.308
140.592
140.592
141.177
169.278
163.379
144.692
153.136
149.379
152.55
142.349
169.479
146.45
150.106
142.935
160.308
152.308
167.621
140.592
180.692
140.592
142.935
145.278
152.592
140.592
151.136
148.207
172.834
141.177
153.864
150.592
154.651
156.408
147.621
141.177
144.106
143.521
141.763
140.592
149.379
154.651
145.864
148.692
176.651
140.592
145.278
140.592
158.065
144.106
140.592
147.621
153.479
147.035
152.893
141.763
147.621
145.864
147.035
158.651
154.793
144.692
142.349
147.621
147.621
154.065
151.621
140.592
146.45
149.964
158.55
140.592
146.45
140.592
143.521
140.592
141.763
158.408
140.006
162.006
140.006
150.793
158.408
145.864
140.592
140.592
153.621
148.793
140.006
147.035
142.935
144.006
142.349
140.592
142.935
180.308
140.592
140.592
167.964
165.479
140.592
160.893
140.592
155.237
148.793
154.692
163.964
140.592
140.592
140.592
151.722
140.592
156.692
156.207
140.592
149.379
140.592
140.592
140.592
140.006
140.592
163.237
145.278
153.479
170.55
140.592
156.793
150.45
152.45
145.278
140.592
145.864
140.592
148.207
144.106
140.006
166.308
147.621
142.349
140.592
141.763
145.278
154.207
140.592
140.592
179.58
154.793
154.065
140.592
153.035
143.521
140.592
155.278
140.592
146.935
152.207
140.592
140.592
140.592
167.195
140.592
140.592
154.651
161.479
158.207
152.55
147.035
144.106
142.349
142.349
162.852
153.621
140.592
155.822
140.592
140.592
145.278
160.651
143.521
147.035
167.379
145.864
154.893
140.592
158.994
144.106
147.864
147.278
145.864
168.852
148.45
155.035
141.177
152.893
140.592
144.106
153.964
140.592
140.006
187.136
140.592
144.692
157.864
148.207
157.136
151.621
148.45
142.349
140.592
156.651
155.722
151.136
140.592
143.521
140.592
149.379
140.592
150.793
143.521
154.308
152.308
147.035
158.207
147.621
165.479
140.592
142.935
140.592
159.722
152.55
156.106
141.763
140.592
154.45
163.621
170.166
141.177
140.592
157.964
140.592
147.621
155.035
154.651
140.592
148.207
160.207
142.349
149.379
148.207
140.592
152.308
140.592
157.58
144.106
140.592
140.592
150.55
144.106
154.065
140.592
159.035
140.006
149.035
149.379
149.035
163.964
140.592
144.692
144.692
140.592
160.349
163.237
141.763
167.379
140.592
149.864
140.592
154.692
150.55
140.592
140.592
154.893
163.035
144.106
149.379
151.136
160.509
153.621
140.006
147.035
168.893
144.692
158.935
145.278
144.106
140.592
147.621
169.58
146.45
153.035
141.177
140.006
145.278
145.864
152.207
143.521
140.592
167.822
165.095
152.308
140.592
147.035
140.592
140.592
144.106
140.592
149.035
140.006
140.592
140.592
140.592
148.793
149.864
153.722
140.592
160.893
158.408
140.592
140.592
171.136
144.692
141.763
165.964
151.136
189.136
149.035
140.006
145.278
162.266
146.45
151.035
155.237
156.893
140.592
140.592
148.207
140.592
172.166
154.651
140.592
150.55
153.035
148.45
140.592
159.964
149.379
156.692
145.278
144.692
163.864
148.793
165.822
158.207
142.935
140.592
144.106
142.935
141.763
141.177
140.006
140.592
142.935
140.592
159.864
140.592
140.592
140.592
140.006
140.592
142.349
140.006
157.822
154.207
155.822
140.592
148.793
151.035
156.55
167.136
156.408
155.479
142.935
140.592
141.763
147.621
141.763
140.006
149.379
175.278
166.793
144.106
146.45
150.55
140.592
140.592
141.177
140.592
140.592
149.177
141.763
154.45
166.45
155.237
152.893
147.035
167.479
149.379
140.592
145.177
158.651
140.592
140.592
140.592
140.592
148.207
140.592
155.237
140.592
159.822
148.793
151.621
140.592
163.237
143.521
157.035
151.722
144.106
186.893
154.065
148.207
145.864
140.006
140.006
162.651
143.521
140.006
149.964
147.035
147.521
140.592
140.592
141.177
158.207
144.106
178.592
141.177
156.106
170.065
160.45
144.692
144.692
158.751
159.237
140.592
160.308
140.006
161.864
147.621
161.337
140.592
140.592
157.621
140.592
151.136
147.278
161.68
145.864
144.106
183.479
146.45
144.692
140.006
157.035
145.864
144.692
141.763
140.592
165.237
156.834
144.692
151.136
140.592
142.349
142.349
169.763
144.106
164.651
162.166
158.065
142.349
140.592
146.45
142.935
140.592
140.592
164.793
143.521
153.722
146.45
157.379
143.521
140.592
160.408
204.509
150.45
164.207
150.55
142.935
168.207
142.349
140.592
147.035
146.45
153.479
154.651
148.207
158.55
152.893
175.923
140.592
149.964
140.592
140.592
140.592
140.006
142.935
151.722
153.864
145.278
145.864
140.006
140.592
148.207
148.793
144.106
151.136
152.893
140.592
142.935
142.349
145.278
150.006
149.621
140.592
156.408
168.065
144.692
144.692
140.592
143.521
145.278
149.035
149.379
149.379
162.207
148.793
140.592
162.893
156.408
141.177
140.592
150.55
140.592
140.592
144.106
158.408
142.349
154.45
140.006
155.237
158.166
154.651
143.521
140.592
140.592
140.592
148.45
141.763
151.136
146.45
153.964
146.106
148.207
140.592
158.166
140.592
151.763
160.207
184.852
141.177
150.692
167.42
140.592
140.592
155.237
140.592
140.006
140.592
144.106
158.55
149.964
163.964
146.45
140.592
165.337
148.207
165.58
149.379
144.692
154.45
143.521
158.065
155.237
156.651
147.864
142.935
144.106
147.621
151.035
141.763
155.237
140.592
145.278
165.964
155.621
143.521
158.166
140.592
151.136
163.095
149.379
146.692
140.592
150.207
140.592
147.621
146.45
144.106
152.893
186.408
140.006
146.45
171.722
150.793
148.793
140.592
150.55
140.592
155.237
152.308
144.692
155.964
143.521
146.935
149.964
140.592
148.207
175.964
144.106
140.592
148.207
144.106
155.864
165.237
151.964
145.278
140.006
140.592
156.408
141.763
154.065
140.592
140.592
166.793
161.479
146.45
151.136
152.45
161.278
144.692
149.964
166.692
156.994
140.592
181.479
142.349
196.166
164.893
140.592
157.964
154.55
151.035
147.035
144.106
141.763
140.592
149.035
151.722
164.793
140.592
148.793
154.55
153.864
151.035
157.479
154.55
148.106
176.367
146.45
140.006
155.822
144.692
142.349
154.651
140.592
140.592
140.592
144.106
144.106
150.45
156.893
142.935
140.592
140.592
140.592
155.237
155.722
140.006
149.379
147.177
149.379
149.278
140.592
160.408
152.935
146.692
140.592
140.006
161.379
153.379
165.964
143.521
143.521
143.521
143.521
140.592
141.763
144.692
152.207
149.621
148.793
159.136
152.207
172.994
140.006
163.136
145.864
155.864
156.308
148.793
142.935
144.692
144.692
157.722
147.621
140.592
140.592
140.592
162.065
151.964
140.592
152.308
144.106
143.521
140.592
141.763
140.592
160.45
149.964
172.793
147.035
142.935
161.923
151.722
142.935
147.035
142.349
144.106
141.763
156.651
169.68
140.592
165.58
141.177
154.651
146.106
140.006
144.692
148.207
167.763
150.55
144.692
145.278
153.136
140.592
140.006
147.035
153.964
142.935
159.136
146.45
145.278
147.035
140.592
162.408
141.177
154.692
147.763
142.935
141.177
147.621
144.106
140.592
169.923
145.278
184.308
155.237
140.592
162.45
161.722
164.793
144.692
145.864
162.45
152.308
161.035
141.763
154.651
148.207
148.793
152.45
144.692
140.006
154.308
157.722
147.035
140.592
140.592
140.592
152.893
141.177
151.722
151.136
140.006
140.592
141.763
146.45
147.035
154.651
140.592
141.177
147.621
140.592
153.964
164.45
145.864
140.592
140.592
140.592
150.106
153.479
151.621
166.893
148.106
140.592
150.55
140.006
155.621
144.106
140.592
146.592
147.035
145.278
149.379
142.349
151.136
160.408
145.864
176.509
148.935
140.006
140.592
158.751
140.592
150.349
165.237
140.592
160.45
143.521
140.006
140.592
146.45
140.006
145.864
146.45
148.793
177.379
144.692
152.893
170.065
140.592
143.521
140.006
153.479
145.278
140.592
140.592
143.521
141.763
144.692
152.893
140.592
142.349
142.935
140.592
144.692
151.278
145.864
145.864
150.55
140.592
140.006
150.106
144.692
152.207
163.621
149.964
176.166
151.722
172.45
167.68
169.621
140.592
162.893
152.692
152.308
142.935
152.45
147.035
156.308
152.308
140.592
140.592
145.864
161.379
153.479
149.964
151.278
167.621
143.521
152.55
167.035
140.592
148.207
147.621
153.136
141.177
166.692
140.592
167.621
155.822
164.692
140.592
144.006
155.237
141.177
162.408
142.349
144.006
140.592
140.006
140.592
140.592
147.864
185.438
145.864
140.592
140.592
141.177
140.592
140.592
145.864
140.006
140.592
141.763
145.278
142.935
154.308
142.935
152.308
141.177
154.651
149.864
140.592
153.479
145.864
147.035
151.763
146.45
143.521
161.68
148.207
155.136
147.621
140.592
150.106
148.207
147.621
152.793
140.592
147.035
155.136
145.864
150.45
150.207
142.349
158.207
143.521
152.308
148.692
144.106
149.035
140.592
149.035
156.408
142.935
167.722
167.722
174.207
148.793
149.035
160.651
155.621
154.45
150.55
147.035
148.207
140.592
189.337
151.035
142.349
140.592
141.763
142.349
149.278
161.722
151.136
147.621
142.935
151.722
140.006
141.177
160.793
141.177
151.379
140.592
164.408
148.793
140.592
146.349
140.592
140.592
155.864
154.065
148.006
140.592
140.006
143.521
140.592
140.006
152.893
140.592
140.592
140.592
162.207
166.45
150.55
140.592
158.651
172.065
140.592
140.006
140.592
145.278
140.592
158.651
156.106
150.55
140.592
164.55
143.521
144.692
149.621
140.592
162.751
154.065
143.521
160.106
161.095
147.278
173.278
140.592
147.035
140.592
143.521
147.621
172.55
161.278
160.793
140.592
162.793
161.337
175.822
151.722
152.45
166.308
158.207
140.592
178.893
151.722
140.592
144.106
140.592
149.964
158.308
149.035
140.592
140.592
166.994
153.278
140.592
140.592
159.864
152.207
153.278
140.592
154.065
162.408
152.893
141.177
156.893
146.45
149.964
157.864
148.207
140.592
155.379
155.035
141.177
174.408
140.006
140.592
151.722
148.207
142.349
140.592
145.864
141.763
141.177
151.035
140.592
176.408
144.692
140.592
149.278
150.45
146.45
163.136
150.45
140.592
140.592
151.864
166.45
161.278
151.035
144.106
164.509
164.349
154.207
144.106
147.035
162.45
153.035
140.006
154.651
145.864
152.308
160.994
150.793
145.278
150.55
154.308
162.207
162.166
163.035
140.592
150.207
140.592
141.763
147.621
140.592
140.592
160.651
140.592
147.035
140.592
144.106
150.207
149.964
140.592
155.621
140.592
147.035
140.592
141.177
149.379
142.349
142.349
166.065
140.592
140.592
162.55
157.722
142.349
140.592
146.45
169.521
146.592
176.55
171.722
154.45
141.177
164.308
158.651
143.521
141.763
143.521
146.45
156.408
162.207
143.521
146.692
153.136
141.177
149.035
154.207
144.106
143.521
140.592
143.521
144.106
147.177
151.136
163.136
148.207
147.621
154.935
155.621
166.692
140.592
155.864
140.592
159.864
163.237
140.592
140.592
140.006
155.822
163.379
140.592
150.692
140.592
152.207
155.621
148.45
144.692
158.065
178.651
146.45
140.592
142.935
140.006
155.237
148.793
155.237
150.45
152.106
153.763
151.136
146.45
165.379
140.592
145.864
145.864
145.864
153.479
154.207
161.479
140.592
140.592
146.45
144.692
142.935
158.166
161.68
140.592
140.592
161.822
140.592
164.065
140.592
147.035
140.592
156.55
140.592
140.592
150.55
140.592
140.592
142.349
148.935
140.592
155.822
158.308
165.864
148.592
150.207
143.177
192.408
153.964
140.592
140.592
153.035
140.592
150.55
140.592
140.592
151.964
151.035
155.237
152.006
155.822
150.55
143.521
140.592
140.592
159.479
143.521
145.864
155.864
160.408
161.479
140.592
164.651
142.935
142.592
165.237
140.592
168.349
140.592
158.308
147.035
148.207
140.006
156.45
140.592
164.065
172.994
155.722
140.592
147.035
140.592
154.207
197.479
140.592
174.953
140.592
145.278
155.822
140.592
144.692
140.592
145.864
140.592
153.136
140.592
163.964
151.722
140.592
153.479
149.964
144.692
140.006
146.45
150.55
140.592
151.964
146.45
154.793
143.521
140.592
145.278
169.136
148.793
149.964
140.592
140.592
163.964
140.592
152.893
148.793
140.592
152.893
142.935
168.207
152.893
147.621
173.379
145.278
149.964
147.621
141.177
148.207
140.006
152.106
140.592
160.065
140.592
147.035
151.722
142.349
160.065
145.278
149.964
159.337
152.308
166.55
151.136
154.651
146.45
145.864
161.722
145.278
144.692
158.651
148.207
144.692
140.592
140.592
141.763
171.237
140.592
142.935
171.722
166.065
145.864
140.006
140.592
162.308
149.964
147.035
156.994
140.592
152.308
151.621
146.45
140.592
162.893
142.349
146.45
148.793
140.592
140.592
140.592
140.592
140.592
144.106
153.379
147.621
141.763
145.864
160.55
162.266
147.035
151.136
147.035
148.592
161.822
148.207
160.45
146.45
143.521
140.006
140.592
142.935
147.035
140.592
140.592
144.106
145.864
144.106
173.379
151.722
145.278
142.935
140.592
148.793
155.237
178.166
186.408
147.521
158.166
140.592
140.592
173.923
140.592
145.864
145.864
164.893
147.035
151.035
146.45
140.006
142.935
141.177
140.592
150.55
154.793
157.58
142.935
146.45
151.722
147.035
170.893
145.864
146.45
141.763
150.592
140.592
145.864
140.592
152.308
173.136
168.408
147.035
149.379
161.035
142.935
140.592
149.035
152.55
140.592
144.692
172.308
154.651
145.278
140.006
151.136
165.479
151.722
162.166
151.278
140.592
156.207
149.379
158.106
150.55
180.651
140.592
145.278
147.035
148.793
140.592
144.692
145.278
145.278
147.035
165.621
147.621
140.592
148.793
148.207
151.621
142.349
140.592
155.964
142.935
140.592
143.521
140.006
144.692
140.592
171.035
173.722
158.065
140.592
146.935
140.592
155.822
180.509
157.379
148.793
156.651
140.592
140.592
157.58
156.207
174.266
148.207
140.592
148.793
151.136
140.592
148.207
147.621
140.592
152.45
140.592
141.763
140.592
177.278
140.592
147.621
152.45
148.793
140.592
151.035
154.106
152.207
148.45
144.106
142.935
152.893
157.136
140.592
145.864
140.592
140.006
154.065
155.136
140.006
160.55
147.035
140.592
140.592
147.621
140.592
148.793
158.751
159.337
142.935
150.793
142.935
140.592
151.621
145.864
141.177
176.751
177.278
145.864
170.207
142.935
151.621
149.379
144.592
165.621
169.68
140.592
171.237
161.379
153.479
147.278
149.964
149.278
165.722
147.621
155.237
149.964
158.55
140.592
148.45
152.207
146.106
174.55
152.308
144.692
140.592
149.379
145.278
140.592
144.692
145.278
147.864
154.065
164.408
153.479
152.45
156.408
148.207
146.692
164.207
140.592
140.592
145.864
153.964
157.58
158.994
140.592
142.935
165.237
147.621
162.266
168.408
151.521
141.177
143.521
140.592
154.207
145.278
169.379
144.106
146.45
156.45
147.035
140.592
140.592
148.45
148.793
140.592
151.722
141.763
150.106
186.751
164.893
151.521
168.751
145.278
140.592
158.55
140.592
142.935
140.006
162.166
163.479
149.621
145.864
140.006
144.692
146.692
157.722
151.621
166.207
153.479
141.763
140.592
154.651
145.864
147.864
155.964
151.035
154.893
142.349
156.408
145.864
143.521
140.006
157.035
140.592
149.379
149.035
168.953
140.592
147.035
140.592
140.592
164.065
146.45
140.592
157.379
155.822
143.521
141.177
155.136
144.106
158.751
159.035
140.592
140.592
143.521
140.592
148.207
158.793
154.651
155.479
154.45
140.592
140.592
140.006
143.521
146.349
160.106
156.065
140.592
144.692
167.68
167.58
154.793
162.893
145.864
154.065
148.692
161.278
159.923
162.793
141.177
140.592
144.692
152.793
140.592
140.592
146.45
140.592
140.592
140.006
140.592
162.994
153.136
145.864
157.479
148.207
145.864
140.592
150.55
154.793
165.136
142.349
150.207
148.793
148.692
142.935
151.379
151.136
140.006
168.065
140.592
142.006
145.864
148.207
164.692
149.379
161.479
145.278
170.55
144.692
140.592
140.592
140.592
154.55
140.592
142.935
154.651
152.793
140.592
160.207
159.237
157.621
140.006
140.592
148.793
153.479
140.006
140.592
157.822
173.722
148.45
154.651
142.935
159.278
165.864
150.935
140.592
140.592
140.592
155.864
145.278
145.278
142.349
164.793
157.278
152.893
156.994
148.793
168.45
144.106
148.793
161.964
140.006
147.035
145.278
142.935
147.864
140.006
157.035
140.592
140.592
140.592
151.722
160.065
152.308
153.964
155.237
188.893
144.692
185.822
152.308
153.479
167.035
142.935
140.006
154.55
142.349
141.177
140.592
142.935
147.035
155.237
144.106
152.692
157.722
155.237
157.58
156.45
142.935
140.592
163.864
155.035
140.592
151.136
149.621
143.521
152.207
151.621
140.592
149.964
142.935
168.166
149.864
169.479
152.207
147.278
155.237
156.308
155.822
159.722
145.278
141.177
144.106
140.592
149.379
140.006
143.521
140.592
153.479
145.864
146.45
142.935
166.692
140.592
146.45
148.106
141.177
140.592
140.592
148.45
140.592
140.592
160.166
161.964
140.592
154.308
155.864
153.278
145.278
154.308
144.592
151.722
147.864
150.45
157.58
140.592
141.763
146.45
140.592
140.592
140.592
182.408
149.621
147.035
156.308
141.763
150.45
140.592
148.793
140.592
160.651
140.592
140.592
186.55
146.45
156.207
155.964
157.722
140.592
141.763
150.45
142.349
150.45
140.592
140.006
152.207
145.278
160.308
142.349
144.106
152.893
141.177
154.207
140.006
140.592
140.592
146.45
158.408
153.035
154.651
167.479
172.408
163.237
142.935
140.592
140.006
145.864
151.136
140.592
151.964
144.692
156.793
153.964
155.278
184.893
166.852
153.479
141.763
140.592
142.006
140.592
155.822
140.592
149.035
141.177
160.994
140.592
153.722
147.621
158.793
155.864
153.621
140.592
160.651
140.592
141.763
143.521
142.349
147.621
140.592
147.621
160.692
160.207
141.763
140.592
159.379
140.592
140.006
140.592
145.521
163.621
146.592
149.864
147.621
144.106
141.177
149.035
151.136
157.58
174.065
147.864
140.592
144.692
148.207
170.308
142.935
154.793
156.994
159.237
152.207
146.45
149.964
147.035
159.923
147.621
167.136
147.035
140.592
145.864
148.207
142.006
146.45
145.278
140.592
147.621
158.45
140.592
140.592
140.592
165.822
157.822
141.177
142.349
158.994
161.379
154.065
140.592
141.177
140.592
148.45
144.106
144.006
140.592
140.592
173.035
149.621
151.722
140.592
151.722
140.592
154.065
150.106
140.592
148.45
151.621
144.692
173.42
154.065
169.538
143.521
143.521
141.763
147.278
159.379
154.893
143.521
140.592
159.237
142.935
141.763
140.592
152.55
145.278
149.379
140.592
155.035
140.592
177.964
140.592
151.722
143.521
149.379
144.106
168.006
153.479
140.592
142.349
148.207
141.177
148.793
160.893
145.278
143.521
150.692
140.592
141.177
140.592
140.592
142.349
162.45
140.592
174.852
140.592
148.207
152.308
140.592
140.592
144.692
163.237
142.349
169.479
144.692
142.935
168.893
149.964
154.065
181.822
162.408
168.751
140.592
179.195
162.065
145.521
150.793
141.763
150.55
140.592
145.278
142.349
153.479
147.278
153.379
145.864
142.349
160.651
156.408
158.793
170.45
144.935
144.106
156.55
170.166
155.864
167.479
144.106
167.923
157.479
157.621
154.55
140.592
162.408
158.55
152.893
147.035
140.592
140.592
140.592
140.592
146.106
147.278
155.278
147.621
154.834
142.935
156.651
164.994
164.651
150.793
149.964
153.479
144.692
140.592
140.592
154.793
144.692
147.035
182.893
171.822
154.308
140.592
160.408
156.793
148.207
176.207
144.106
155.035
146.106
145.864
141.763
140.592
145.864
163.479
140.006
151.621
140.592
150.207
140.592
145.278
145.521
140.592
159.136
148.793
140.006
144.692
140.592
153.621
149.278
141.763
150.55
149.864
141.763
151.035
140.592
141.177
160.207
147.864
144.106
152.207
142.935
146.45
180.509
142.349
147.864
152.308
144.106
140.592
162.166
144.692
149.379
152.106
146.45
160.308
141.177
159.136
145.864
175.136
140.592
141.763
140.592
150.55
143.521
157.035
150.55
158.651
162.751
140.592
168.994
157.136
140.592
140.592
144.692
167.722
144.692
148.207
152.793
151.864
151.278
157.136
149.964
140.592
182.793
156.45
148.793
142.349
155.237
140.006
144.106
140.592
154.651
140.592
152.308
151.379
142.349
161.136
180.308
165.195
140.592
157.763
140.592
145.278
140.592
179.763
165.621
145.864
149.035
150.793
148.207
153.479
140.592
141.177
166.893
187.237
158.55
163.964
158.793
140.006
152.207
148.207
155.479
140.592
140.592
149.379
147.035
172.308
146.935
147.864
155.864
148.793
154.651
152.893
158.994
140.592
147.864
144.106
148.793
162.994
140.592
140.592
140.592
166.935
140.592
156.106
140.592
147.621
148.692
140.592
149.964
140.592
160.065
140.006
164.207
167.379
141.763
140.592
148.207
143.521
182.852
140.592
142.349
145.278
158.308
145.864
149.035
140.592
140.592
140.592
149.278
160.408
145.864
140.592
150.55
157.278
143.521
144.935
141.177
140.592
166.408
148.207
151.136
150.55
167.035
140.592
141.763
167.479
140.592
149.379
144.106
164.793
158.065
140.592
165.864
181.479
148.793
158.207
151.722
140.592
147.621
177.237
149.379
140.592
146.45
155.621
147.035
140.592
152.207
143.521
147.621
144.106
154.45
140.592
167.337
140.592
140.006
144.935
146.45
140.592
151.136
140.592
140.592
140.592
140.592
143.521
140.592
171.035
162.793
141.177
158.308
142.935
140.592
144.106
144.106
157.136
158.793
178.994
151.722
155.136
140.592
155.136
140.592
144.106
145.864
162.751
168.751
143.521
140.592
156.106
155.479
170.106
150.45
147.035
165.479
145.864
141.763
152.692
194.148
148.45
151.964
141.763
148.45
141.177
140.592
148.793
149.521
146.45
149.964
146.45
158.349
166.994
150.45
150.45
153.621
167.822
150.207
154.651
142.349
158.308
155.822
149.035
149.964
147.035
140.592
148.793
140.592
142.349
140.006
140.592
141.177
149.964
157.722
159.136
140.592
143.521
145.864
169.136
159.479
140.006
157.722
144.106
140.592
153.722
140.006
154.45
164.408
140.592
141.763
162.308
140.592
160.065
140.592
155.722
140.592
159.822
141.763
155.822
151.722
152.308
158.55
140.592
155.237
160.651
140.592
151.722
140.006
143.521
140.592
140.006
153.379
152.308
145.864
143.521
161.923
149.621
143.521
147.035
141.763
145.278
165.479
165.035
149.278
140.592
151.521
191.479
140.592
156.651
154.065
164.651
148.207
146.45
156.408
144.692
149.379
140.006
140.592
159.237
156.994
154.207
152.45
142.349
140.006
144.692
164.893
154.065
154.651
140.592
166.651
140.592
158.893
146.45
147.621
151.136
160.509
146.45
140.592
141.763
155.035
140.592
147.035
141.177
151.035
178.893
172.065
155.479
145.864
140.592
155.822
147.621
141.763
149.964
154.893
157.621
142.935
152.308
153.035
152.793
159.621
140.592
140.006
165.68
140.592
140.006
140.592
140.592
156.065
142.935
140.592
156.408
160.55
140.592
150.692
157.621
175.035
166.408
143.521
162.408
151.621
154.207
154.106
140.006
152.55
141.763
160.45
148.207
157.58
161.237
145.864
153.964
145.177
147.621
179.479
148.106
153.379
144.692
140.592
144.106
144.692
149.379
147.035
140.592
155.237
170.308
147.621
164.793
158.408
172.893
146.45
140.592
167.822
142.935
147.035
154.651
141.763
140.592
162.408
143.521
149.379
149.379
147.035
140.592
140.592
191.68
148.207
147.621
155.964
156.793
167.136
158.308
160.994
159.035
147.621
162.166
145.521
158.55
140.592
140.592
177.177
140.006
140.592
144.106
140.592
154.55
140.006
146.692
149.035
160.793
175.035
142.935
146.45
140.592
146.45
160.935
155.822
142.349
140.592
140.006
145.278
157.278
169.621
161.822
155.136
154.692
154.207
154.651
156.45
140.592
147.621
140.592
149.864
150.55
145.278
147.035
144.692
140.592
145.278
142.349
147.035
143.521
145.278
141.177
146.45
140.592
150.45
147.035
147.763
171.095
140.592
149.379
152.308
146.692
141.763
145.278
163.479
147.864
142.935
169.964
151.136
151.864
145.278
152.893
161.864
146.45
155.479
140.592
143.521
148.207
144.106
157.964
140.592
145.864
140.006
150.207
168.065
155.237
140.592
143.521
171.237
152.55
149.621
141.763
155.237
161.58
154.065
140.592
149.379
164.45
145.278
152.893
161.864
151.278
142.349
144.692
175.479
155.864
140.006
141.177
151.136
161.68
140.592
156.207
142.935
144.692
140.592
147.035
142.935
152.45
142.935
152.207
140.592
152.45
151.621
140.592
155.035
147.621
168.207
141.763
150.55
140.592
143.521
142.935
175.195
163.035
152.893
188.367
153.479
151.964
141.763
152.692
141.177
183.964
151.864
154.207
140.592
140.592
142.935
167.722
140.592
147.864
145.864
140.592
161.035
145.864
149.621
140.592
142.349
149.864
145.864
140.592
140.006
141.763
153.379
140.592
140.592
147.035
177.053
145.278
140.592
148.45
142.935
145.521
159.237
145.864
160.509
155.864
147.035
152.308
153.479
153.479
148.793
149.379
164.207
153.479
149.379
140.592
154.55
158.651
140.592
145.278
140.592
142.935
149.379
140.006
147.864
149.379
140.592
152.45
141.763
155.621
151.136
151.379
156.651
149.621
175.864
179.035
163.722
147.035
140.592
159.58
141.763
149.379
160.207
141.763
140.592
141.763
154.308
148.793
164.651
146.692
153.722
158.207
155.278
147.035
160.45
152.893
140.592
167.337
140.592
150.793
151.722
144.106
149.964
151.136
150.55
151.722
161.237
140.592
187.722
140.592
144.106
169.379
154.065
140.592
147.621
149.621
156.065
154.065
140.592
145.864
140.592
152.308
140.592
146.45
140.592
149.521
144.106
145.521
148.207
165.035
160.207
151.964
140.592
140.592
143.521
145.864
151.035
150.207
153.964
143.521
146.106
145.278
161.68
140.592
141.177
164.207
159.379
149.278
140.006
154.45
140.592
149.035
152.207
147.621
153.722
142.349
158.893
151.136
155.864
149.035
140.592
148.935
140.592
153.479
140.592
140.592
150.55
141.177
148.793
164.408
141.763
159.923
140.592
151.864
140.006
161.621
155.864
142.349
140.592
166.55
154.55
141.177
140.592
162.408
156.651
151.136
140.592
140.592
142.935
162.651
149.864
140.592
143.521
140.592
148.793
148.207
163.035
140.592
146.45
140.006
153.035
156.893
145.278
163.379
147.864
140.006
140.592
160.751
144.106
184.692
140.592
140.592
160.45
158.55
140.592
173.379
149.964
151.035
140.592
145.864
177.136
152.893
140.592
141.177
154.651
140.592
150.55
149.379
140.592
164.893
161.095
145.864
146.45
151.136
159.722
151.722
140.592
154.651
147.621
147.035
141.177
145.864
167.923
154.651
150.55
142.349
140.592
154.651
147.621
158.065
142.935
145.278
150.207
151.722
140.592
180.308
151.621
140.592
141.177
147.278
140.592
149.379
140.592
147.035
164.55
158.166
144.106
144.692
145.278
140.592
142.935
142.349
140.592
148.45
140.592
141.763
140.592
142.349
178.651
140.592
140.592
178.024
140.592
155.379
156.408
142.935
157.964
149.379
140.592
151.722
145.864
158.207
154.45
166.994
178.45
142.006
156.349
140.592
140.592
151.722
160.55
140.006
146.45
166.994
176.994
150.45
144.106
152.893
150.45
140.592
152.45
144.692
143.521
162.065
161.822
145.864
151.136
157.822
167.337
140.006
147.035
145.864
140.592
151.136
149.379
152.893
140.592
144.692
151.722
150.207
149.379
156.065
150.935
159.035
140.592
149.964
146.45
140.592
156.893
153.136
148.207
140.592
140.592
156.408
158.651
147.035
144.692
140.592
140.006
161.864
147.621
144.106
144.106
148.45
140.592
140.006
140.592
145.278
174.994
159.479
155.822
154.893
140.592
140.592
143.521
142.935
145.278
144.106
154.893
146.45
166.651
142.935
140.006
140.592
148.207
140.006
149.964
145.278
140.592
143.521
140.592
140.592
149.379
146.45
145.278
145.278
145.864
158.065
156.408
140.592
153.722
154.065
143.521
157.237
152.793
140.592
144.692
163.621
140.592
151.379
143.521
140.592
140.592
147.035
145.864
142.349
145.278
147.621
153.479
154.207
143.521
142.935
140.592
150.793
142.935
140.006
152.55
140.006
144.592
140.006
150.55
153.035
142.935
146.45
146.106
145.278
144.692
143.521
150.45
140.592
160.408
171.278
140.592
168.793
162.994
140.592
149.964
141.177
140.592
147.621
154.308
149.521
140.592
142.935
147.035
140.592
151.136
140.592
140.592
140.592
140.592
154.935
150.793
154.651
140.592
148.45
140.592
150.45
140.592
154.592
147.035
153.479
151.722
148.207
161.035
140.592
143.521
152.308
148.793
153.136
142.935
140.592
166.065
142.935
168.751
149.864
152.308
155.237
140.592
141.177
147.035
166.207
140.006
156.408
144.692
144.106
149.379
148.793
149.964
146.006
142.935
144.349
151.722
168.45
147.035
165.58
140.592
141.763
144.106
151.035
140.592
141.177
140.592
147.035
140.006
142.935
145.278
170.207
150.55
170.106
148.207
156.55
140.592
157.58
145.864
154.893
154.207
158.308
149.621
142.935
154.065
145.864
140.006
140.592
144.106
141.763
140.006
140.592
156.065
140.006
156.55
140.592
146.45
145.278
140.592
157.479
163.621
170.893
147.864
155.035
152.308
155.621
141.763
167.822
157.035
146.45
188.994
166.893
147.621
148.793
176.793
140.592
157.964
140.592
157.237
170.71
140.592
147.621
147.035
159.136
144.692
148.45
140.592
150.207
140.592
140.592
140.592
158.065
148.207
145.278
149.379
141.763
144.106
140.592
145.278
140.592
147.035
144.106
144.106
152.45
146.45
176.408
140.592
142.349
149.864
140.592
165.621
152.106
146.45
143.521
160.651
148.793
141.177
149.035
140.592
145.278
158.065
151.722
140.592
140.592
140.592
170.55
167.822
144.692
159.337
188.065
145.278
140.006
148.692
150.692
140.592
150.55
151.621
157.278
140.592
161.722
167.822
152.45
140.592
171.136
141.177
148.207
148.793
145.278
147.621
146.006
140.592
156.651
140.592
140.592
140.592
148.207
168.609
169.621
148.692
148.793
144.692
161.035
155.964
165.964
154.651
159.58
146.106
147.621
140.592
140.592
149.621
140.592
148.45
140.592
185.278
145.278
150.55
168.45
147.621
146.692
160.248
146.45
140.592
164.509
148.793
158.651
155.621
160.065
160.793
147.035
149.964
140.592
147.621
155.722
158.065
162.408
140.592
148.793
140.592
140.592
140.592
140.592
151.136
164.207
151.136
140.592
161.68
140.592
140.592
144.692
143.521
140.592
156.893
155.379
152.55
147.035
140.592
144.106
142.935
146.349
168.45
140.592
174.207
140.592
160.065
158.207
151.722
151.136
142.349
147.864
140.006
140.592
151.136
144.106
151.136
158.893
149.379
141.177
156.408
156.45
140.592
140.592
140.592
147.621
141.177
140.592
140.006
152.308
152.308
144.106
150.55
140.592
140.592
163.337
145.278
159.58
165.095
171.621
147.621
158.408
150.207
165.035
142.935
160.893
173.58
140.592
148.793
151.035
148.207
150.207
140.592
167.379
140.592
151.136
144.106
148.793
148.692
152.55
145.278
144.692
152.893
140.592
164.55
147.035
157.177
167.722
150.55
149.621
140.592
144.106
140.592
140.592
147.864
147.035
140.592
147.621
144.692
154.207
159.722
150.55
151.621
165.722
140.592
142.935
140.592
148.793
142.349
140.592
173.621
149.964
179.237
163.68
140.592
151.722
149.964
149.964
140.592
144.106
148.45
167.136
159.136
140.592
154.207
152.893
140.592
140.592
161.621
147.035
140.592
156.065
154.207
143.521
144.106
141.763
151.722
171.822
164.308
140.006
166.065
148.207
140.592
154.55
140.592
141.177
148.793
151.136
140.592
158.207
148.45
158.207
140.592
151.964
140.592
140.006
144.106
158.065
193.136
140.592
140.592
151.621
149.379
146.45
149.379
146.45
157.864
140.592
150.349
201.722
142.349
140.592
147.621
141.763
160.408
140.592
157.479
170.994
144.692
151.864
147.621
140.592
142.935
166.207
149.379
176.207
192.651
143.521
145.864
148.45
148.793
171.177
149.379
148.349
146.45
140.592
147.278
140.592
157.035
144.106
150.45
150.793
144.692
144.106
156.45
150.55
147.035
140.006
145.278
143.521
165.195
140.592
165.035
152.45
140.006
140.592
141.177
140.592
149.379
140.592
147.621
144.106
140.006
140.006
148.793
144.692
150.207
144.106
140.592
167.136
161.763
141.763
140.592
156.994
144.106
151.722
144.692
140.006
140.592
158.308
152.207
140.592
165.864
163.438
151.136
154.55
151.136
163.621
147.035
153.621
170.207
140.592
140.592
154.065
140.592
151.035
140.592
152.893
177.964
140.592
161.136
140.006
152.308
145.864
145.864
153.722
151.621
146.45
145.864
149.278
140.592
140.592
140.592
140.592
166.408
142.935
140.592
145.864
140.592
142.935
140.592
143.521
169.621
149.035
140.592
140.592
146.106
158.308
144.106
151.136
154.065
152.55
142.935
141.177
144.106
146.45
159.964
144.692
154.893
140.592
147.278
168.55
140.592
146.45
152.893
145.864
143.521
146.45
140.592
177.479
149.379
158.166
167.722
149.379
148.793
140.592
149.864
152.45
159.621
143.521
149.379
140.592
140.006
155.278
156.55
140.006
144.692
147.621
155.237
154.793
155.621
164.55
153.379
175.053
167.964
156.207
147.621
149.278
149.379
169.621
140.592
144.106
141.177
140.592
140.592
147.035
163.035
140.006
165.035
152.308
145.521
145.864
145.864
159.237
141.177
140.592
155.136
148.45
144.692
155.722
148.207
150.793
140.592
162.065
149.035
151.035
162.45
157.237
141.763
149.864
148.207
156.45
149.964
142.349
142.935
144.106
140.592
146.45
160.006
145.278
144.592
157.822
174.55
141.763
140.592
148.207
172.592
140.592
150.45
140.592
154.45
157.278
140.592
147.035
140.592
140.592
154.065
146.45
147.278
147.621
149.864
157.822
140.592
147.521
140.006
158.994
141.177
140.592
140.592
153.479
147.035
156.408
148.106
171.621
140.592
143.521
156.793
140.592
162.893
145.278
148.207
141.177
149.964
148.207
160.893
148.106
166.55
152.692
147.035
140.592
146.45
150.55
149.379
142.935
150.55
141.763
180.994
142.935
152.893
172.893
141.763
140.006
147.621
140.592
148.45
168.609
140.592
173.337
147.621
140.592
156.45
158.994
143.521
146.45
140.006
147.621
143.521
140.592
140.592
143.521
154.065
147.621
144.106
141.763
140.592
140.592
149.379
165.035
140.592
144.106
157.864
140.592
150.45
160.793
172.994
146.935
140.592
144.106
156.793
152.308
141.763
144.349
148.793
150.55
153.479
146.45
140.592
140.592
156.935
141.763
140.006
140.592
168.651
162.45
159.035
142.935
154.55
140.592
154.308
140.592
141.763
150.55
142.935
140.592
146.45
141.177
154.651
146.692
146.45
153.964
140.592
159.58
151.278
140.592
148.45
144.692
152.207
155.822
162.55
140.592
142.935
156.408
140.592
156.45
144.692
147.035
140.592
154.45
165.864
149.621
151.035
173.479
163.337
140.592
140.006
164.893
151.136
151.521
143.521
148.207
140.592
149.035
157.621
150.207
148.207
140.592
140.592
162.266
140.006
146.106
144.692
146.45
157.822
155.379
149.035
169.095
140.592
147.621
140.592
157.035
146.45
154.793
149.035
144.692
140.592
149.621
162.308
162.065
140.592
140.592
155.822
154.651
151.136
140.592
141.763
140.006
140.592
152.55
140.592
144.692
144.692
149.379
160.349
174.692
140.006
173.379
145.278
140.592
141.763
164.349
151.278
147.864
152.893
140.592
162.55
156.308
140.592
140.592
158.166
140.592
156.065
151.379
160.893
151.722
147.621
189.379
140.592
144.106
144.592
157.822
151.722
152.308
155.621
150.793
172.266
152.893
165.035
140.592
140.006
140.592
140.006
149.379
140.006
143.177
144.692
140.592
144.692
145.864
142.349
140.592
140.592
148.207
140.592
143.521
140.592
159.479
153.964
156.651
153.964
169.379
182.55
190.065
140.592
151.136
142.349
149.035
140.592
148.692
140.592
152.893
160.793
147.621
147.035
156.207
156.55
144.692
140.592
151.964
147.621
142.935
150.45
140.592
140.592
149.379
140.592
144.692
155.822
145.864
140.592
163.621
154.308
140.006
140.592
154.308
149.379
144.106
172.065
140.592
155.864
140.592
159.379
145.278
160.55
140.006
164.45
152.45
140.006
145.864
140.592
154.45
155.379
145.864
153.479
142.935
147.621
166.893
149.379
161.621
153.864
154.065
140.006
147.621
146.45
158.45
140.592
187.58
140.592
149.864
148.45
140.592
141.177
156.45
144.692
141.763
185.882
146.692
140.592
155.521
140.592
145.278
171.479
140.592
151.136
144.106
144.106
145.864
147.035
142.935
140.592
143.763
165.237
143.521
160.106
144.692
140.006
145.864
151.136
160.692
148.207
140.592
140.592
145.864
140.592
141.763
143.521
151.621
151.035
141.177
145.864
148.106
142.935
155.379
155.035
179.822
151.136
140.592
152.45
140.592
147.621
144.106
140.592
158.349
148.793
165.136
140.592
142.935
140.592
151.722
150.55
144.692
140.592
140.592
151.136
166.852
149.379
147.621
162.893
140.592
140.592
150.45
150.55
152.893
141.763
155.237
152.308
144.935
149.035
148.207
142.349
148.793
144.692
146.45
161.621
140.592
148.793
146.45
168.45
142.349
146.106
152.893
144.692
144.592
140.592
149.521
140.592
140.592
145.864
159.278
143.521
143.521
149.964
140.006
148.349
156.308
157.722
145.864
166.651
152.349
150.592
170.266
164.692
145.278
145.278
141.177
140.592
179.379
160.408
154.793
184.207
140.592
141.763
170.893
147.864
152.793
141.763
150.45
154.651
140.592
163.964
148.45
151.722
143.521
152.45
143.521
147.521
140.592
151.136
147.621
144.692
146.45
144.692
140.592
145.278
140.592
140.592
140.592
151.136
147.035
167.337
158.793
144.935
154.207
160.651
152.308
150.55
149.278
145.521
140.592
140.592
142.935
140.592
154.207
169.479
145.864
148.793
141.763
146.106
145.278
167.177
166.266
144.692
140.592
149.278
140.592
144.592
140.592
163.621
140.592
140.006
160.893
161.621
145.278
149.621
145.278
147.035
155.237
141.763
142.349
140.592
140.592
154.893
140.592
146.45
147.621
143.521
147.035
156.45
149.379
145.278
146.45
155.479
140.592
140.592
140.592
151.722
141.177
151.722
140.006
155.822
140.592
153.379
181.722
140.592
140.006
154.065
141.177
140.592
148.45
140.592
141.177
149.864
140.592
144.106
154.893
155.237
176.893
155.035
148.207
141.177
163.136
152.692
140.592
140.006
141.763
145.763
140.592
167.58
148.207
140.592
149.964
140.592
140.592
140.006
156.994
159.722
140.006
155.237
151.278
147.035
170.166
140.592
140.592
145.864
150.55
141.177
173.58
140.006
144.692
140.592
156.893
165.237
140.592
142.349
149.035
142.349
141.763
141.177
143.521
140.592
166.207
157.379
140.592
147.521
148.793
140.592
151.136
159.379
179.479
154.065
173.035
140.592
147.864
140.592
147.035
146.45
147.621
156.893
142.349
150.55
149.278
144.692
140.006
169.237
142.935
140.006
155.237
144.106
151.136
140.592
140.592
159.136
140.592
146.45
159.237
144.692
140.006
140.592
150.55
162.065
161.095
140.006
158.55
153.035
141.177
151.379
141.763
140.592
156.793
140.006
162.308
144.692
151.964
168.651
140.006
140.592
140.592
140.592
151.136
146.45
140.006
140.592
148.793
155.763
140.592
145.864
140.592
147.621
140.006
140.006
143.521
171.621
156.207
146.45
161.923
149.964
158.408
142.349
145.864
142.935
164.065
153.864
144.592
140.592
140.592
163.479
150.55
159.237
156.994
140.592
154.065
147.035
168.55
149.035
140.592
149.379
149.379
140.592
145.864
144.692
144.349
168.408
141.763
152.207
167.964
140.592
142.349
140.006
140.592
152.793
152.45
140.592
170.065
142.935
143.521
154.651
140.006
140.592
140.592
140.592
151.722
146.349
149.035
149.177
166.266
144.935
150.793
140.592
145.278
163.237
141.177
145.521
140.592
140.592
141.177
140.592
159.479
157.278
143.521
144.692
164.408
140.592
142.349
148.692
145.864
147.035
140.006
150.45
154.065
144.106
154.55
140.592
152.308
159.136
147.864
162.308
148.793
140.592
143.521
144.106
151.035
163.621
163.722
145.864
145.278
153.035
140.592
174.651
149.379
140.592
150.55
147.035
177.136
140.592
140.592
147.035
148.207
153.278
140.592
142.935
144.692
144.692
166.367
145.864
141.763
151.136
141.177
146.106
151.177
145.864
162.852
140.592
164.024
148.207
148.793
140.592
151.136
141.177
150.45
140.006
160.308
166.793
147.035
158.308
149.964
147.035
140.592
149.035
140.592
196.166
144.106
140.592
145.278
154.106
148.793
156.308
140.592
161.621
163.035
151.136
154.45
140.592
140.592
144.106
148.207
140.592
158.793
140.592
147.864
140.592
146.45
158.207
141.763
140.592
147.035
156.935
149.379
164.751
140.592
149.035
147.278
142.349
151.136
145.278
163.479
144.006
155.621
168.065
140.592
140.006
150.106
145.864
140.592
144.106
150.45
166.308
153.621
161.479
141.763
143.521
149.278
149.379
140.592
141.763
154.065
143.521
142.349
153.479
146.45
144.692
150.006
145.278
145.864
145.278
149.379
152.308
140.006
148.207
148.935
153.964
143.521
140.006
148.793
148.45
144.106
140.592
140.592
142.349
161.722
140.592
162.651
140.592
144.692
152.893
155.237
145.278
145.278
148.592
146.45
145.278
167.621
167.822
149.035
154.065
144.935
170.509
142.935
144.106
156.651
161.864
140.592
140.592
143.521
147.621
140.592
167.964
146.692
145.278
147.621
140.592
159.621
173.337
142.349
145.278
158.065
164.651
145.278
153.136
143.521
141.763
142.935
152.45
165.237
142.349
167.722
149.864
145.864
151.722
150.55
156.207
140.592
144.106
142.935
150.55
151.136
140.592
140.592
162.651
146.106
148.793
144.106
158.793
140.592
140.592
146.45
163.621
147.035
140.006
142.349
165.923
140.592
162.793
168.065
178.266
148.207
190.793
140.592
150.45
152.45
140.592
152.45
153.379
145.278
153.964
146.45
147.621
140.592
151.136
144.106
158.207
165.379
164.065
144.692
151.136
140.592
153.621
161.379
152.308
142.935
145.278
164.793
140.592
140.592
161.479
160.45
171.722
142.935
155.136
142.935
162.408
157.237
140.592
149.964
154.207
159.479
171.035
140.592
150.592
164.55
143.521
148.793
141.763
147.621
174.207
147.621
155.722
150.55
144.692
140.592
140.592
155.521
148.207
149.278
152.308
151.136
148.45
144.106
147.278
148.207
144.692
157.822
161.68
144.106
149.379
155.521
145.278
140.006
140.592
152.207
157.58
158.408
140.592
172.893
140.592
144.692
156.793
170.308
169.621
151.722
144.106
146.45
151.035
140.592
148.45
142.349
151.722
160.651
145.278
149.379
142.349
152.308
144.106
142.349
148.935
141.763
166.166
155.136
148.207
163.237
155.822
145.864
176.308
155.177
140.592
183.964
140.592
148.207
146.45
155.479
159.58
142.349
156.065
145.864
141.763
145.278
140.592
140.006
140.592
146.45
143.521
152.893
153.621
140.592
140.592
146.692
172.308
155.722
142.349
143.521
198.308
165.722
148.207
173.621
158.793
157.822
140.592
156.45
140.592
151.722
146.45
140.592
170.065
142.935
166.024
140.592
164.893
143.521
152.207
151.722
162.065
140.592
155.822
145.278
150.006
157.964
152.207
151.035
140.592
140.592
144.692
147.035
149.864
150.793
144.692
140.592
152.207
142.349
153.035
146.45
153.621
182.509
150.207
140.592
140.592
149.379
145.278
144.692
156.065
155.237
142.935
150.55
171.095
160.592
169.278
148.207
162.651
149.379
151.964
144.106
142.935
149.379
146.45
145.278
170.893
144.692
140.592
145.864
161.964
150.793
168.55
149.379
156.994
153.278
149.964
147.864
160.308
155.964
141.177
142.349
144.692
144.692
161.822
159.278
165.864
153.136
144.692
149.521
166.751
153.964
181.822
159.035
165.095
140.592
142.935
140.592
145.278
141.763
160.793
158.106
148.793
142.349
151.136
176.893
146.45
154.065
156.248
168.166
144.692
142.349
148.45
150.55
155.136
147.278
159.964
153.035
155.237
148.207
150.55
155.722
140.592
151.621
144.692
144.106
142.349
152.893
146.45
159.136
151.379
148.793
144.692
151.035
145.278
145.278
154.106
142.935
150.793
148.207
148.793
159.822
141.177
147.864
161.621
164.651
144.692
147.864
146.45
147.035
140.592
156.45
147.035
140.592
140.592
140.592
149.964
145.864
140.592
140.592
166.994
147.035
140.592
140.592
140.592
151.722
161.237
143.521
140.592
159.337
155.177
184.893
147.278
160.55
140.592
156.793
144.106
140.592
140.592
146.45
155.822
141.763
140.592
141.763
151.136
155.822
140.592
169.237
140.592
170.935
150.55
140.592
155.035
168.065
145.278
141.763
143.521
159.479
142.935
159.621
150.55
140.592
159.379
153.479
150.55
