( 0 , 0 ) ( 10 , 0 ) ( 20 , 0 ) ( 30 , 0 ) ( 40 , 0 ) ( 50 , 0 ) ( 60 , 0 ) ( 70 , 0 ) ( 80 , 0 ) ( 90 , 0 ) ( 100 , 0 ) 
( 0 , 100 ) ( 10 , 90 ) ( 20 , 80 ) ( 30 , 70 ) ( 40 , 60 ) ( 50 , 50 ) ( 60 , 40 ) ( 70 , 30 ) ( 80 , 20 ) ( 90 , 10 ) ( 100 , 0 ) 
( 0 , 200 ) ( 0 , 190 ) ( 0 , 180 ) ( 0 , 170 ) ( 0 , 160 ) ( 0 , 150 ) ( 0 , 140 ) ( 0 , 130 ) ( 0 , 120 ) ( 0 , 110 ) ( 0 , 100 ) ( 10 , 90 ) ( 20 , 80 ) ( 30 , 70 ) ( 40 , 60 ) ( 50 , 50 ) ( 60 , 40 ) ( 70 , 30 ) ( 80 , 20 ) ( 90 , 10 ) ( 100 , 0 ) 
( 50 , 0 ) ( 60 , 0 ) ( 70 , 0 ) ( 80 , 0 ) ( 90 , 0 ) ( 100 , 0 ) 
( 50 , 100 ) ( 50 , 90 ) ( 50 , 80 ) ( 50 , 70 ) ( 50 , 60 ) ( 50 , 50 ) ( 60 , 40 ) ( 70 , 30 ) ( 80 , 20 ) ( 90 , 10 ) ( 100 , 0 ) 
( 50 , 200 ) ( 50 , 190 ) ( 50 , 180 ) ( 50 , 170 ) ( 50 , 160 ) ( 50 , 150 ) ( 50 , 140 ) ( 50 , 130 ) ( 50 , 120 ) ( 50 , 110 ) ( 50 , 100 ) ( 50 , 90 ) ( 50 , 80 ) ( 50 , 70 ) ( 50 , 60 ) ( 50 , 50 ) ( 60 , 40 ) ( 70 , 30 ) ( 80 , 20 ) ( 90 , 10 ) ( 100 , 0 ) 
( 100 , 0 ) 
( 100 , 100 ) ( 100 , 90 ) ( 100 , 80 ) ( 100 , 70 ) ( 100 , 60 ) ( 110 , 50 ) ( 120 , 40 ) ( 120 , 30 ) ( 120 , 20 ) ( 110 , 10 ) ( 100 , 0 ) 
( 100 , 200 ) ( 100 , 190 ) ( 100 , 180 ) ( 100 , 170 ) ( 100 , 160 ) ( 100 , 150 ) ( 100 , 140 ) ( 100 , 130 ) ( 100 , 120 ) ( 100 , 110 ) ( 100 , 100 ) ( 100 , 90 ) ( 100 , 80 ) ( 100 , 70 ) ( 100 , 60 ) ( 110 , 50 ) ( 120 , 40 ) ( 120 , 30 ) ( 120 , 20 ) ( 110 , 10 ) ( 100 , 0 ) 
( 150 , 0 ) ( 140 , 0 ) ( 130 , 0 ) ( 120 , 0 ) ( 110 , 0 ) ( 100 , 0 ) 
( 150 , 100 ) ( 150 , 90 ) ( 150 , 80 ) ( 150 , 70 ) ( 150 , 60 ) ( 150 , 50 ) ( 140 , 40 ) ( 130 , 30 ) ( 120 , 20 ) ( 110 , 10 ) ( 100 , 0 ) 
( 150 , 200 ) ( 150 , 190 ) ( 150 , 180 ) ( 150 , 170 ) ( 150 , 160 ) ( 150 , 150 ) ( 150 , 140 ) ( 150 , 130 ) ( 150 , 120 ) ( 150 , 110 ) ( 150 , 100 ) ( 150 , 90 ) ( 150 , 80 ) ( 150 , 70 ) ( 150 , 60 ) ( 150 , 50 ) ( 140 , 40 ) ( 130 , 30 ) ( 120 , 20 ) ( 110 , 10 ) ( 100 , 0 ) 
( 0 , 0 ) ( 10 , 0 ) ( 20 , 0 ) ( 30 , 0 ) ( 40 , 0 ) ( 50 , 0 ) ( 60 , 0 ) ( 70 , 0 ) ( 80 , 0 ) ( 90 , 0 ) ( 100 , 0 ) 
( 0 , 100 ) ( 10 , 90 ) ( 20 , 80 ) ( 30 , 70 ) ( 40 , 60 ) ( 50 , 50 ) ( 60 , 40 ) ( 70 , 30 ) ( 80 , 20 ) ( 90 , 10 ) ( 100 , 0 ) 
( 0 , 200 ) ( 0 , 190 ) ( 0 , 180 ) ( 0 , 170 ) ( 0 , 160 ) ( 0 , 150 ) ( 0 , 140 ) ( 0 , 130 ) ( 0 , 120 ) ( 0 , 110 ) ( 0 , 100 ) ( 10 , 90 ) ( 20 , 80 ) ( 30 , 70 ) ( 40 , 60 ) ( 50 , 50 ) ( 60 , 40 ) ( 70 , 30 ) ( 80 , 20 ) ( 90 , 10 ) ( 100 , 0 ) 
( 50 , 0 ) ( 60 , 0 ) ( 70 , 0 ) ( 80 , 0 ) ( 90 , 0 ) ( 100 , 0 ) 
( 50 , 100 ) ( 50 , 90 ) ( 50 , 80 ) ( 50 , 70 ) ( 50 , 60 ) ( 50 , 50 ) ( 60 , 40 ) ( 70 , 30 ) ( 80 , 20 ) ( 90 , 10 ) ( 100 , 0 ) 
( 50 , 200 ) ( 50 , 190 ) ( 50 , 180 ) ( 50 , 170 ) ( 50 , 160 ) ( 50 , 150 ) ( 50 , 140 ) ( 50 , 130 ) ( 50 , 120 ) ( 50 , 110 ) ( 50 , 100 ) ( 50 , 90 ) ( 50 , 80 ) ( 50 , 70 ) ( 50 , 60 ) ( 50 , 50 ) ( 60 , 40 ) ( 70 , 30 ) ( 80 , 20 ) ( 90 , 10 ) ( 100 , 0 ) 
( 100 , 0 ) 
( 100 , 100 ) ( 100 , 90 ) ( 100 , 80 ) ( 100 , 70 ) ( 90 , 60 ) ( 80 , 50 ) ( 70 , 40 ) ( 70 , 30 ) ( 80 , 20 ) ( 90 , 10 ) ( 100 , 0 ) 
( 100 , 200 ) ( 100 , 190 ) ( 100 , 180 ) ( 100 , 170 ) ( 100 , 160 ) ( 100 , 150 ) ( 100 , 140 ) ( 100 , 130 ) ( 100 , 120 ) ( 100 , 110 ) ( 100 , 100 ) ( 100 , 90 ) ( 100 , 80 ) ( 100 , 70 ) ( 90 , 60 ) ( 80 , 50 ) ( 70 , 40 ) ( 70 , 30 ) ( 80 , 20 ) ( 90 , 10 ) ( 100 , 0 ) 
( 150 , 0 ) ( 140 , 0 ) ( 130 , 0 ) ( 120 , 0 ) ( 110 , 0 ) ( 100 , 0 ) 
( 150 , 100 ) ( 150 , 90 ) ( 150 , 80 ) ( 150 , 70 ) ( 150 , 60 ) ( 150 , 50 ) ( 140 , 40 ) ( 130 , 30 ) ( 120 , 20 ) ( 110 , 10 ) ( 100 , 0 ) 
( 150 , 200 ) ( 150 , 190 ) ( 150 , 180 ) ( 150 , 170 ) ( 150 , 160 ) ( 150 , 150 ) ( 150 , 140 ) ( 150 , 130 ) ( 150 , 120 ) ( 150 , 110 ) ( 150 , 100 ) ( 150 , 90 ) ( 150 , 80 ) ( 150 , 70 ) ( 150 , 60 ) ( 150 , 50 ) ( 140 , 40 ) ( 130 , 30 ) ( 120 , 20 ) ( 110 , 10 ) ( 100 , 0 ) 
( 0 , 0 ) ( 10 , 0 ) ( 20 , 0 ) ( 30 , 0 ) ( 40 , 0 ) ( 50 , 0 ) ( 60 , 0 ) ( 70 , 0 ) ( 80 , 0 ) ( 90 , 0 ) ( 100 , 0 ) 
( 0 , 100 ) ( 10 , 90 ) ( 20 , 80 ) ( 30 , 70 ) ( 40 , 60 ) ( 50 , 50 ) ( 60 , 40 ) ( 70 , 30 ) ( 80 , 20 ) ( 90 , 10 ) ( 100 , 0 ) 
( 0 , 200 ) ( 0 , 190 ) ( 0 , 180 ) ( 0 , 170 ) ( 0 , 160 ) ( 0 , 150 ) ( 0 , 140 ) ( 0 , 130 ) ( 0 , 120 ) ( 0 , 110 ) ( 0 , 100 ) ( 10 , 90 ) ( 20 , 80 ) ( 30 , 70 ) ( 40 , 60 ) ( 50 , 50 ) ( 60 , 40 ) ( 70 , 30 ) ( 80 , 20 ) ( 90 , 10 ) ( 100 , 0 ) 
( 50 , 0 ) ( 60 , 0 ) ( 70 , 0 ) ( 80 , 0 ) ( 90 , 0 ) ( 100 , 0 ) 
( 50 , 100 ) ( 50 , 90 ) ( 50 , 80 ) ( 50 , 70 ) ( 50 , 60 ) ( 50 , 50 ) ( 60 , 40 ) ( 70 , 30 ) ( 80 , 20 ) ( 90 , 10 ) ( 100 , 0 ) 
( 50 , 200 ) ( 50 , 190 ) ( 50 , 180 ) ( 50 , 170 ) ( 50 , 160 ) ( 50 , 150 ) ( 50 , 140 ) ( 50 , 130 ) ( 50 , 120 ) ( 50 , 110 ) ( 50 , 100 ) ( 50 , 90 ) ( 50 , 80 ) ( 50 , 70 ) ( 50 , 60 ) ( 50 , 50 ) ( 60 , 40 ) ( 70 , 30 ) ( 80 , 20 ) ( 90 , 10 ) ( 100 , 0 ) 
( 100 , 0 ) 
( 100 , 100 ) ( 100 , 90 ) ( 100 , 80 ) ( 100 , 70 ) ( 100 , 60 ) ( 110 , 50 ) ( 120 , 40 ) ( 120 , 30 ) ( 120 , 20 ) ( 110 , 10 ) ( 100 , 0 ) 
( 100 , 200 ) ( 100 , 190 ) ( 100 , 180 ) ( 100 , 170 ) ( 100 , 160 ) ( 100 , 150 ) ( 100 , 140 ) ( 100 , 130 ) ( 100 , 120 ) ( 100 , 110 ) ( 100 , 100 ) ( 100 , 90 ) ( 100 , 80 ) ( 100 , 70 ) ( 100 , 60 ) ( 110 , 50 ) ( 120 , 40 ) ( 120 , 30 ) ( 120 , 20 ) ( 110 , 10 ) ( 100 , 0 ) 
( 150 , 0 ) ( 140 , 0 ) ( 130 , 0 ) ( 120 , 0 ) ( 110 , 0 ) ( 100 , 0 ) 
( 150 , 100 ) ( 150 , 90 ) ( 150 , 80 ) ( 150 , 70 ) ( 140 , 60 ) ( 130 , 50 ) ( 120 , 40 ) ( 120 , 30 ) ( 120 , 20 ) ( 110 , 10 ) ( 100 , 0 ) 
( 150 , 200 ) ( 150 , 190 ) ( 150 , 180 ) ( 150 , 170 ) ( 150 , 160 ) ( 150 , 150 ) ( 150 , 140 ) ( 150 , 130 ) ( 150 , 120 ) ( 150 , 110 ) ( 150 , 100 ) ( 150 , 90 ) ( 150 , 80 ) ( 150 , 70 ) ( 140 , 60 ) ( 130 , 50 ) ( 120 , 40 ) ( 120 , 30 ) ( 120 , 20 ) ( 110 , 10 ) ( 100 , 0 ) 
( 0 , 0 ) ( 10 , 0 ) ( 20 , 0 ) ( 30 , 0 ) ( 40 , 0 ) ( 50 , 0 ) ( 60 , 0 ) ( 70 , 0 ) ( 80 , 0 ) ( 90 , 0 ) ( 100 , 0 ) 
( 0 , 100 ) ( 10 , 90 ) ( 20 , 80 ) ( 30 , 70 ) ( 40 , 60 ) ( 50 , 50 ) ( 60 , 40 ) ( 70 , 30 ) ( 80 , 20 ) ( 90 , 10 ) ( 100 , 0 ) 
( 0 , 200 ) ( 0 , 190 ) ( 0 , 180 ) ( 0 , 170 ) ( 0 , 160 ) ( 0 , 150 ) ( 0 , 140 ) ( 0 , 130 ) ( 0 , 120 ) ( 0 , 110 ) ( 0 , 100 ) ( 10 , 90 ) ( 20 , 80 ) ( 30 , 70 ) ( 40 , 60 ) ( 50 , 50 ) ( 60 , 40 ) ( 70 , 30 ) ( 80 , 20 ) ( 90 , 10 ) ( 100 , 0 ) 
( 50 , 0 ) ( 60 , 0 ) ( 70 , 0 ) ( 80 , 0 ) ( 90 , 0 ) ( 100 , 0 ) 
( 50 , 100 ) ( 50 , 90 ) ( 50 , 80 ) ( 50 , 70 ) ( 50 , 60 ) ( 50 , 50 ) ( 60 , 40 ) ( 70 , 30 ) ( 80 , 20 ) ( 90 , 10 ) ( 100 , 0 ) 
( 50 , 200 ) ( 50 , 190 ) ( 50 , 180 ) ( 50 , 170 ) ( 50 , 160 ) ( 50 , 150 ) ( 50 , 140 ) ( 50 , 130 ) ( 50 , 120 ) ( 50 , 110 ) ( 50 , 100 ) ( 50 , 90 ) ( 50 , 80 ) ( 50 , 70 ) ( 50 , 60 ) ( 50 , 50 ) ( 60 , 40 ) ( 70 , 30 ) ( 80 , 20 ) ( 90 , 10 ) ( 100 , 0 ) 
( 100 , 0 ) 
( 100 , 100 ) ( 100 , 90 ) ( 100 , 80 ) ( 100 , 70 ) ( 100 , 60 ) ( 100 , 50 ) ( 110 , 40 ) ( 110 , 30 ) ( 110 , 20 ) ( 110 , 10 ) ( 100 , 0 ) 
( 100 , 200 ) ( 100 , 190 ) ( 100 , 180 ) ( 100 , 170 ) ( 100 , 160 ) ( 110 , 150 ) ( 110 , 140 ) ( 110 , 130 ) ( 110 , 120 ) ( 110 , 110 ) ( 110 , 100 ) ( 110 , 90 ) ( 110 , 80 ) ( 110 , 70 ) ( 110 , 60 ) ( 110 , 50 ) ( 110 , 40 ) ( 110 , 30 ) ( 110 , 20 ) ( 110 , 10 ) ( 100 , 0 ) 
( 150 , 0 ) ( 140 , 0 ) ( 130 , 0 ) ( 120 , 0 ) ( 110 , 0 ) ( 100 , 0 ) 
( 150 , 100 ) ( 150 , 90 ) ( 150 , 80 ) ( 150 , 70 ) ( 150 , 60 ) ( 150 , 50 ) ( 140 , 40 ) ( 130 , 30 ) ( 120 , 20 ) ( 110 , 10 ) ( 100 , 0 ) 
( 150 , 200 ) ( 150 , 190 ) ( 150 , 180 ) ( 150 , 170 ) ( 150 , 160 ) ( 150 , 150 ) ( 150 , 140 ) ( 150 , 130 ) ( 150 , 120 ) ( 150 , 110 ) ( 150 , 100 ) ( 150 , 90 ) ( 150 , 80 ) ( 150 , 70 ) ( 150 , 60 ) ( 150 , 50 ) ( 140 , 40 ) ( 130 , 30 ) ( 120 , 20 ) ( 110 , 10 ) ( 100 , 0 ) 
( 0 , 0 ) ( 10 , 0 ) ( 20 , 0 ) ( 30 , 0 ) ( 40 , 0 ) ( 50 , 0 ) ( 60 , 0 ) ( 70 , 0 ) ( 80 , 0 ) ( 90 , 0 ) ( 100 , 0 ) 
( 0 , 100 ) ( 0 , 90 ) ( 10 , 80 ) ( 20 , 70 ) ( 30 , 60 ) ( 40 , 50 ) ( 50 , 40 ) ( 60 , 30 ) ( 70 , 20 ) ( 80 , 20 ) ( 90 , 10 ) ( 100 , 0 ) 
( 0 , 200 ) ( 0 , 190 ) ( 0 , 180 ) ( 0 , 170 ) ( 0 , 160 ) ( 0 , 150 ) ( 0 , 140 ) ( 10 , 130 ) ( 20 , 120 ) ( 30 , 110 ) ( 40 , 100 ) ( 50 , 90 ) ( 60 , 80 ) ( 70 , 70 ) ( 80 , 60 ) ( 90 , 50 ) ( 100 , 40 ) ( 100 , 30 ) ( 100 , 20 ) ( 100 , 10 ) ( 100 , 0 ) 
( 50 , 0 ) ( 60 , 0 ) ( 70 , 0 ) ( 80 , 0 ) ( 90 , 0 ) ( 100 , 0 ) 
( 50 , 100 ) ( 50 , 90 ) ( 60 , 80 ) ( 70 , 70 ) ( 80 , 60 ) ( 90 , 50 ) ( 100 , 40 ) ( 100 , 30 ) ( 100 , 20 ) ( 100 , 10 ) ( 100 , 0 ) 
( 50 , 200 ) ( 50 , 190 ) ( 50 , 180 ) ( 50 , 170 ) ( 50 , 160 ) ( 50 , 150 ) ( 50 , 140 ) ( 50 , 130 ) ( 50 , 120 ) ( 50 , 110 ) ( 50 , 100 ) ( 50 , 90 ) ( 60 , 80 ) ( 70 , 70 ) ( 80 , 60 ) ( 90 , 50 ) ( 100 , 40 ) ( 100 , 30 ) ( 100 , 20 ) ( 100 , 10 ) ( 100 , 0 ) 
( 100 , 0 ) 
( 100 , 100 ) ( 100 , 90 ) ( 100 , 80 ) ( 100 , 70 ) ( 100 , 60 ) ( 100 , 50 ) ( 100 , 40 ) ( 100 , 30 ) ( 100 , 20 ) ( 100 , 10 ) ( 100 , 0 ) 
( 100 , 200 ) ( 100 , 190 ) ( 100 , 180 ) ( 100 , 170 ) ( 100 , 160 ) ( 100 , 150 ) ( 100 , 140 ) ( 100 , 130 ) ( 100 , 120 ) ( 100 , 110 ) ( 100 , 100 ) ( 100 , 90 ) ( 100 , 80 ) ( 100 , 70 ) ( 100 , 60 ) ( 100 , 50 ) ( 100 , 40 ) ( 100 , 30 ) ( 100 , 20 ) ( 100 , 10 ) ( 100 , 0 ) 
( 150 , 0 ) ( 140 , 0 ) ( 130 , 0 ) ( 120 , 0 ) ( 110 , 0 ) ( 100 , 0 ) 
( 150 , 100 ) ( 150 , 90 ) ( 150 , 80 ) ( 150 , 70 ) ( 150 , 60 ) ( 150 , 50 ) ( 140 , 40 ) ( 130 , 30 ) ( 120 , 20 ) ( 110 , 10 ) ( 100 , 0 ) 
( 150 , 200 ) ( 150 , 190 ) ( 150 , 180 ) ( 150 , 170 ) ( 150 , 160 ) ( 150 , 150 ) ( 150 , 140 ) ( 150 , 130 ) ( 150 , 120 ) ( 150 , 110 ) ( 150 , 100 ) ( 150 , 90 ) ( 150 , 80 ) ( 150 , 70 ) ( 150 , 60 ) ( 150 , 50 ) ( 140 , 40 ) ( 130 , 30 ) ( 120 , 20 ) ( 110 , 10 ) ( 100 , 0 ) 
( 0 , 0 ) ( 10 , 0 ) ( 20 , 0 ) ( 30 , 0 ) ( 40 , 0 ) ( 50 , 0 ) ( 60 , 0 ) ( 70 , 0 ) ( 80 , 0 ) ( 90 , 0 ) ( 100 , 0 ) 
( 0 , 100 ) ( 10 , 90 ) ( 20 , 80 ) ( 30 , 70 ) ( 40 , 60 ) ( 50 , 50 ) ( 60 , 40 ) ( 70 , 30 ) ( 80 , 20 ) ( 90 , 10 ) ( 100 , 0 ) 
( 0 , 200 ) ( 0 , 190 ) ( 0 , 180 ) ( 0 , 170 ) ( 0 , 160 ) ( 0 , 150 ) ( 0 , 140 ) ( 0 , 130 ) ( 0 , 120 ) ( 0 , 110 ) ( 0 , 100 ) ( 10 , 90 ) ( 20 , 80 ) ( 30 , 70 ) ( 40 , 60 ) ( 50 , 50 ) ( 60 , 40 ) ( 70 , 30 ) ( 80 , 20 ) ( 90 , 10 ) ( 100 , 0 ) 
( 50 , 0 ) ( 60 , 0 ) ( 70 , 0 ) ( 80 , 0 ) ( 90 , 0 ) ( 100 , 0 ) 
( 50 , 100 ) ( 50 , 90 ) ( 50 , 80 ) ( 50 , 70 ) ( 50 , 60 ) ( 50 , 50 ) ( 60 , 40 ) ( 70 , 30 ) ( 80 , 20 ) ( 90 , 10 ) ( 100 , 0 ) 
( 50 , 200 ) ( 50 , 190 ) ( 50 , 180 ) ( 50 , 170 ) ( 50 , 160 ) ( 50 , 150 ) ( 50 , 140 ) ( 50 , 130 ) ( 50 , 120 ) ( 50 , 110 ) ( 50 , 100 ) ( 50 , 90 ) ( 50 , 80 ) ( 50 , 70 ) ( 50 , 60 ) ( 50 , 50 ) ( 60 , 40 ) ( 70 , 30 ) ( 80 , 20 ) ( 90 , 10 ) ( 100 , 0 ) 
( 100 , 0 ) 
( 100 , 100 ) ( 100 , 90 ) ( 100 , 80 ) ( 100 , 70 ) ( 100 , 60 ) ( 100 , 50 ) ( 110 , 40 ) ( 110 , 30 ) ( 110 , 20 ) ( 110 , 10 ) ( 100 , 0 ) 
( 100 , 200 ) ( 100 , 190 ) ( 100 , 180 ) ( 100 , 170 ) ( 100 , 160 ) ( 100 , 150 ) ( 100 , 140 ) ( 100 , 130 ) ( 100 , 120 ) ( 100 , 110 ) ( 100 , 100 ) ( 100 , 90 ) ( 100 , 80 ) ( 100 , 70 ) ( 100 , 60 ) ( 100 , 50 ) ( 110 , 40 ) ( 110 , 30 ) ( 110 , 20 ) ( 110 , 10 ) ( 100 , 0 ) 
( 150 , 0 ) ( 140 , 0 ) ( 130 , 0 ) ( 120 , 0 ) ( 110 , 0 ) ( 100 , 0 ) 
( 150 , 100 ) ( 150 , 90 ) ( 150 , 80 ) ( 140 , 70 ) ( 130 , 60 ) ( 120 , 50 ) ( 110 , 40 ) ( 110 , 30 ) ( 110 , 20 ) ( 110 , 10 ) ( 100 , 0 ) 
( 150 , 200 ) ( 150 , 190 ) ( 150 , 180 ) ( 150 , 170 ) ( 150 , 160 ) ( 140 , 150 ) ( 140 , 140 ) ( 140 , 130 ) ( 140 , 120 ) ( 140 , 110 ) ( 140 , 100 ) ( 140 , 90 ) ( 140 , 80 ) ( 140 , 70 ) ( 130 , 60 ) ( 120 , 50 ) ( 110 , 40 ) ( 110 , 30 ) ( 110 , 20 ) ( 110 , 10 ) ( 100 , 0 ) 
( 0 , 0 ) ( 10 , 0 ) ( 20 , 0 ) ( 30 , 0 ) ( 40 , 0 ) ( 50 , 0 ) ( 60 , 0 ) ( 70 , 0 ) ( 80 , 0 ) ( 90 , 0 ) ( 100 , 0 ) 
( 0 , 100 ) ( 0 , 90 ) ( 10 , 80 ) ( 20 , 70 ) ( 30 , 60 ) ( 40 , 50 ) ( 50 , 40 ) ( 60 , 30 ) ( 70 , 20 ) ( 80 , 20 ) ( 90 , 10 ) ( 100 , 0 ) 
( 0 , 200 ) ( 0 , 190 ) ( 0 , 180 ) ( 0 , 170 ) ( 0 , 160 ) ( 0 , 150 ) ( 0 , 140 ) ( 0 , 130 ) ( 0 , 120 ) ( 0 , 110 ) ( 0 , 100 ) ( 0 , 90 ) ( 10 , 80 ) ( 20 , 70 ) ( 30 , 60 ) ( 40 , 50 ) ( 50 , 40 ) ( 60 , 30 ) ( 70 , 20 ) ( 80 , 20 ) ( 90 , 10 ) ( 100 , 0 ) 
( 50 , 0 ) ( 60 , 0 ) ( 70 , 0 ) ( 80 , 0 ) ( 90 , 0 ) ( 100 , 0 ) 
( 50 , 100 ) ( 50 , 90 ) ( 50 , 80 ) ( 50 , 70 ) ( 50 , 60 ) ( 50 , 50 ) ( 50 , 40 ) ( 60 , 30 ) ( 70 , 20 ) ( 80 , 20 ) ( 90 , 10 ) ( 100 , 0 ) 
( 50 , 200 ) ( 50 , 190 ) ( 50 , 180 ) ( 50 , 170 ) ( 50 , 160 ) ( 50 , 150 ) ( 50 , 140 ) ( 50 , 130 ) ( 50 , 120 ) ( 50 , 110 ) ( 50 , 100 ) ( 50 , 90 ) ( 50 , 80 ) ( 50 , 70 ) ( 50 , 60 ) ( 50 , 50 ) ( 50 , 40 ) ( 60 , 30 ) ( 70 , 20 ) ( 80 , 20 ) ( 90 , 10 ) ( 100 , 0 ) 
( 100 , 0 ) 
( 100 , 100 ) ( 100 , 90 ) ( 100 , 80 ) ( 100 , 70 ) ( 110 , 60 ) ( 120 , 50 ) ( 130 , 40 ) ( 130 , 30 ) ( 120 , 20 ) ( 110 , 10 ) ( 100 , 0 ) 
( 100 , 200 ) ( 100 , 190 ) ( 100 , 180 ) ( 100 , 170 ) ( 100 , 160 ) ( 100 , 150 ) ( 100 , 140 ) ( 100 , 130 ) ( 100 , 120 ) ( 100 , 110 ) ( 100 , 100 ) ( 100 , 90 ) ( 100 , 80 ) ( 100 , 70 ) ( 110 , 60 ) ( 120 , 50 ) ( 130 , 40 ) ( 130 , 30 ) ( 120 , 20 ) ( 110 , 10 ) ( 100 , 0 ) 
( 150 , 0 ) ( 140 , 0 ) ( 130 , 0 ) ( 120 , 0 ) ( 110 , 0 ) ( 100 , 0 ) 
( 150 , 100 ) ( 150 , 90 ) ( 150 , 80 ) ( 150 , 70 ) ( 150 , 60 ) ( 150 , 50 ) ( 140 , 40 ) ( 130 , 30 ) ( 120 , 20 ) ( 110 , 10 ) ( 100 , 0 ) 
( 150 , 200 ) ( 150 , 190 ) ( 150 , 180 ) ( 150 , 170 ) ( 140 , 160 ) ( 130 , 150 ) ( 130 , 140 ) ( 130 , 130 ) ( 130 , 120 ) ( 130 , 110 ) ( 130 , 100 ) ( 130 , 90 ) ( 130 , 80 ) ( 130 , 70 ) ( 130 , 60 ) ( 130 , 50 ) ( 130 , 40 ) ( 130 , 30 ) ( 120 , 20 ) ( 110 , 10 ) ( 100 , 0 ) 
( 0 , 0 ) ( 10 , 0 ) ( 20 , 0 ) ( 30 , 0 ) ( 40 , 0 ) ( 50 , 0 ) ( 60 , 0 ) ( 70 , 0 ) ( 80 , 0 ) ( 90 , 0 ) ( 100 , 0 ) 
( 0 , 100 ) ( 10 , 90 ) ( 20 , 80 ) ( 30 , 70 ) ( 40 , 60 ) ( 50 , 50 ) ( 60 , 40 ) ( 70 , 30 ) ( 80 , 20 ) ( 90 , 10 ) ( 100 , 0 ) 
( 0 , 200 ) ( 0 , 190 ) ( 0 , 180 ) ( 0 , 170 ) ( 0 , 160 ) ( 0 , 150 ) ( 0 , 140 ) ( 0 , 130 ) ( 0 , 120 ) ( 0 , 110 ) ( 0 , 100 ) ( 10 , 90 ) ( 20 , 80 ) ( 30 , 70 ) ( 40 , 60 ) ( 50 , 50 ) ( 60 , 40 ) ( 70 , 30 ) ( 80 , 20 ) ( 90 , 10 ) ( 100 , 0 ) 
( 50 , 0 ) ( 60 , 0 ) ( 70 , 0 ) ( 80 , 0 ) ( 90 , 0 ) ( 100 , 0 ) 
( 50 , 100 ) ( 50 , 90 ) ( 50 , 80 ) ( 50 , 70 ) ( 50 , 60 ) ( 50 , 50 ) ( 60 , 40 ) ( 70 , 30 ) ( 80 , 20 ) ( 90 , 10 ) ( 100 , 0 ) 
( 50 , 200 ) ( 50 , 190 ) ( 50 , 180 ) ( 50 , 170 ) ( 50 , 160 ) ( 50 , 150 ) ( 50 , 140 ) ( 50 , 130 ) ( 50 , 120 ) ( 50 , 110 ) ( 50 , 100 ) ( 50 , 90 ) ( 50 , 80 ) ( 50 , 70 ) ( 50 , 60 ) ( 50 , 50 ) ( 60 , 40 ) ( 70 , 30 ) ( 80 , 20 ) ( 90 , 10 ) ( 100 , 0 ) 
( 100 , 0 ) 
( 100 , 100 ) ( 100 , 90 ) ( 100 , 80 ) ( 100 , 70 ) ( 90 , 60 ) ( 80 , 50 ) ( 70 , 40 ) ( 70 , 30 ) ( 80 , 20 ) ( 90 , 10 ) ( 100 , 0 ) 
( 100 , 200 ) ( 100 , 190 ) ( 100 , 180 ) ( 100 , 170 ) ( 100 , 160 ) ( 100 , 150 ) ( 100 , 140 ) ( 100 , 130 ) ( 100 , 120 ) ( 100 , 110 ) ( 100 , 100 ) ( 100 , 90 ) ( 100 , 80 ) ( 100 , 70 ) ( 90 , 60 ) ( 80 , 50 ) ( 70 , 40 ) ( 70 , 30 ) ( 80 , 20 ) ( 90 , 10 ) ( 100 , 0 ) 
( 150 , 0 ) ( 140 , 0 ) ( 130 , 0 ) ( 120 , 0 ) ( 110 , 0 ) ( 100 , 0 ) 
( 150 , 100 ) ( 150 , 90 ) ( 150 , 80 ) ( 150 , 70 ) ( 150 , 60 ) ( 150 , 50 ) ( 140 , 40 ) ( 130 , 30 ) ( 120 , 20 ) ( 110 , 10 ) ( 100 , 0 ) 
( 150 , 200 ) ( 150 , 190 ) ( 150 , 180 ) ( 150 , 170 ) ( 150 , 160 ) ( 140 , 150 ) ( 140 , 140 ) ( 140 , 130 ) ( 140 , 120 ) ( 140 , 110 ) ( 140 , 100 ) ( 140 , 90 ) ( 140 , 80 ) ( 140 , 70 ) ( 140 , 60 ) ( 140 , 50 ) ( 140 , 40 ) ( 130 , 30 ) ( 120 , 20 ) ( 110 , 10 ) ( 100 , 0 ) 
( 0 , 0 ) ( 10 , 0 ) ( 20 , 0 ) ( 30 , 0 ) ( 40 , 0 ) ( 50 , 0 ) ( 60 , 0 ) ( 70 , 0 ) ( 80 , 0 ) ( 90 , 0 ) ( 100 , 0 ) 
( 0 , 100 ) ( 0 , 90 ) ( 10 , 80 ) ( 20 , 70 ) ( 30 , 60 ) ( 40 , 50 ) ( 50 , 40 ) ( 60 , 30 ) ( 70 , 20 ) ( 80 , 20 ) ( 90 , 10 ) ( 100 , 0 ) 
( 0 , 200 ) ( 0 , 190 ) ( 0 , 180 ) ( 0 , 170 ) ( 0 , 160 ) ( 0 , 150 ) ( 0 , 140 ) ( 0 , 130 ) ( 0 , 120 ) ( 10 , 110 ) ( 20 , 100 ) ( 30 , 90 ) ( 40 , 80 ) ( 50 , 70 ) ( 60 , 60 ) ( 70 , 50 ) ( 80 , 40 ) ( 80 , 30 ) ( 80 , 20 ) ( 90 , 10 ) ( 100 , 0 ) 
( 50 , 0 ) ( 60 , 0 ) ( 70 , 0 ) ( 80 , 0 ) ( 90 , 0 ) ( 100 , 0 ) 
( 50 , 100 ) ( 50 , 90 ) ( 50 , 80 ) ( 50 , 70 ) ( 60 , 60 ) ( 70 , 50 ) ( 80 , 40 ) ( 80 , 30 ) ( 80 , 20 ) ( 90 , 10 ) ( 100 , 0 ) 
( 50 , 200 ) ( 50 , 190 ) ( 50 , 180 ) ( 50 , 170 ) ( 50 , 160 ) ( 50 , 150 ) ( 50 , 140 ) ( 50 , 130 ) ( 50 , 120 ) ( 50 , 110 ) ( 50 , 100 ) ( 50 , 90 ) ( 50 , 80 ) ( 50 , 70 ) ( 60 , 60 ) ( 70 , 50 ) ( 80 , 40 ) ( 80 , 30 ) ( 80 , 20 ) ( 90 , 10 ) ( 100 , 0 ) 
( 100 , 0 ) 
( 100 , 100 ) ( 100 , 90 ) ( 100 , 80 ) ( 100 , 70 ) ( 100 , 60 ) ( 100 , 50 ) ( 110 , 40 ) ( 110 , 30 ) ( 110 , 20 ) ( 110 , 10 ) ( 100 , 0 ) 
( 100 , 200 ) ( 100 , 190 ) ( 100 , 180 ) ( 100 , 170 ) ( 100 , 160 ) ( 100 , 150 ) ( 100 , 140 ) ( 100 , 130 ) ( 100 , 120 ) ( 100 , 110 ) ( 100 , 100 ) ( 100 , 90 ) ( 100 , 80 ) ( 100 , 70 ) ( 100 , 60 ) ( 100 , 50 ) ( 110 , 40 ) ( 110 , 30 ) ( 110 , 20 ) ( 110 , 10 ) ( 100 , 0 ) 
( 150 , 0 ) ( 140 , 0 ) ( 130 , 0 ) ( 120 , 0 ) ( 110 , 0 ) ( 100 , 0 ) 
( 150 , 100 ) ( 150 , 90 ) ( 150 , 80 ) ( 150 , 70 ) ( 150 , 60 ) ( 150 , 50 ) ( 140 , 40 ) ( 130 , 30 ) ( 120 , 20 ) ( 110 , 10 ) ( 100 , 0 ) 
( 150 , 200 ) ( 150 , 190 ) ( 150 , 180 ) ( 150 , 170 ) ( 150 , 160 ) ( 150 , 150 ) ( 150 , 140 ) ( 150 , 130 ) ( 150 , 120 ) ( 150 , 110 ) ( 150 , 100 ) ( 150 , 90 ) ( 150 , 80 ) ( 150 , 70 ) ( 150 , 60 ) ( 150 , 50 ) ( 140 , 40 ) ( 130 , 30 ) ( 120 , 20 ) ( 110 , 10 ) ( 100 , 0 ) 
